cell_volume,cell_shape_1st_axis_x,cell_shape_1st_axis_y,cell_shape_1st_axis_z,cell_shape_2nd_axis_x,cell_shape_2nd_axis_y,cell_shape_2nd_axis_z,cell_shape_3rd_axis_x,cell_shape_3rd_axis_y,cell_shape_3rd_axis_z,cell_shape_1st_axis_length,cell_shape_2nd_axis_length,cell_shape_3rd_axis_length,cell_shape_1st_eigenvalue,cell_shape_2nd_eigenvalue,cell_shape_3rd_eigenvalue,cell_shape_meridional_eccentricity,cell_shape_equator_eccentricity,cell_position_lowest_z,cell_position_highest_z,cell_position_x_centroid,cell_position_y_centroid,cell_position_z_centroid,cell_intensity_mean,cell_intensity_median,cell_intensity_sum,cell_intensity_mode,cell_intensity_max,cell_intensity_std,cell_intensity_entropy,cell_texture_haralick_ang2nd_moment,cell_texture_haralick_contrast,cell_texture_haralick_corr,cell_texture_haralick_variance,cell_texture_haralick_inv_diff_moment,cell_texture_haralick_sum_mean,cell_texture_haralick_sum_var,cell_texture_haralick_sum_entropy,cell_texture_haralick_entropy,cell_texture_haralick_diff_var,cell_texture_haralick_diff_entropy,cell_texture_haralick_info_corr1,cell_texture_haralick_info_corr2,cell_id
1418966,0.9737016141839687,0.218381569798158,-0.06492038592018666,0.21141330980786077,-0.9722913980603541,-0.09976898162218271,0.08490923961277183,-0.08342018478961984,0.9928904742206194,302.977539259361,208.0113653058341,69.37138056740929,201.2049292469377,1557.1495430008197,3977.664801107741,0.998719826162538,0.9916167810301985,0,58,173.08633681145284,93.31774827585721,25.37039012915038,979.245313136467,939.0,1389515805,834,5515,308.03352298947215,6.866832417734348,0.004601695765906348,51.77801482658366,0.8381226853037725,161.94701212857734,0.36414013557515645,82.34051098136374,596.0100336877263,6.293514175862603,9.077516752834367,0.000650250961777752,3.1825045867378754,-0.3049978665882767,0.9770409891050894,20181026_R01-Scene-01-P3-A01.czi_nucWholeIndexImageScale.tiff
1836123,0.16655152029310794,-0.9858903808069812,0.0167555399889137,-0.9856299537259552,-0.16597377973631053,0.03140539377581465,0.028181295325548215,0.021745378182692034,0.9993662757575252,330.9614732238883,288.74665405240603,54.03016558736448,172.06402238759807,2488.4061734046477,5122.309363434696,0.9994356596532957,0.9976065318482676,0,50,142.6953226989695,155.3275728260035,22.69210450498142,1138.7553279382698,1048.0,2090894849,923,5991,426.2098987337677,7.1528201616223726,0.0038299239603519506,78.68849855573923,0.8616166948224357,286.7633596763463,0.34691241075229023,88.22281806800643,1068.364940149645,6.612563042158057,9.523216418901589,0.0005993370656568011,3.357513225408472,-0.3181925354600832,0.9832818229648768,20181026_R01-Scene-01-P3-A01.czi_nucWholeIndexImageScale.tiff
1524569,0.2811076093103733,0.9580386558958206,-0.05603968055883375,0.9596634962431914,-0.2809252907611777,0.011267430454275406,0.004948329627340232,0.05694659621151423,0.9983649629338069,330.95487269658844,222.62299752972802,56.36128001812986,152.5661841648811,2247.2725045718685,4657.854763530051,0.9994634240303762,0.9976928470983729,0,52,133.4267993118055,152.59957732316477,23.878189835947076,1051.4176452492475,1009.0,1602958748,919,5366,364.46054666992296,7.034538625971845,0.003501096375885672,82.37677007274259,0.8252741672537336,240.359856621609,0.3289534602957171,94.3316946749263,879.0626564136945,6.568446902447131,9.58012828939646,0.0005575454778399903,3.461678916884106,-0.298158971773926,0.9776520141221426,20181026_R01-Scene-01-P3-A01.czi_nucWholeIndexImageScale.tiff
1359555,0.785764481960921,-0.6183390753132761,-0.015197592882037455,-0.6179589902214314,-0.7837557316389303,-0.06207768945147492,-0.02647386056459784,-0.0581699326443494,0.9979556070502124,284.5866804384143,188.28487038806736,70.03814435382208,253.35718767387206,1511.1218939501393,3684.0381623754356,0.9976324310346493,0.9858445981267046,0,66,120.27305405077396,131.6967022297737,30.392318810198926,1075.0112492690623,1010.0,1461536919,946,4991,393.2659690097611,7.040330594091206,0.0032317893483075756,107.53573021376312,0.8476039733396965,357.29000236338914,0.3205999647265563,106.13512650340475,1321.6242792397907,6.722752914137823,9.787537900264445,0.0005356484440409601,3.557832593957104,-0.3057009283202071,0.981991184623133,20181026_R01-Scene-01-P3-A01.czi_nucWholeIndexImageScale.tiff
2111728,0.47899716135316966,-0.8776244734385653,0.018357642476272595,-0.8757372427026481,-0.4763195687716559,0.0787651582157185,0.06038212615641286,0.053804758403554455,0.9967241578360415,364.33471301459747,210.73859547503915,77.11335677936756,297.02452857478517,1600.3381176827995,6101.300128813708,0.9988143202559231,0.9826251719416212,0,71,99.90918195904018,141.079438734534,32.77399693521135,1022.6087876847776,964.0,2159471610,897,4615,301.3138305732565,6.716417186751091,0.004449928347448692,75.83822887529324,0.8395249218678464,239.2926509584064,0.32437206280410297,104.24752562738733,881.3323749583307,6.362172275289138,9.299734413004378,0.0005688314409413001,3.373779445061007,-0.2855985970175441,0.9732860655811788,20181026_R01-Scene-01-P3-A01.czi_nucWholeIndexImageScale.tiff
1098713,0.763345441101021,0.6429154933351803,-0.06295558736021475,0.6188282937264411,-0.7557305767612345,-0.21429614609636258,0.18535177483344822,-0.12462328746150922,0.9747377882222361,271.66570024751576,202.84092563570584,78.78650363505639,221.30842390808192,1317.201103192974,2964.8870459478667,0.9972103110265101,0.9857845836463792,0,68,124.30522529541382,133.37887419189542,30.991567406592985,964.993783635945,936.0,1060251215,849,3789,292.5818289680697,6.780766595151169,0.0026115901785484555,138.07221777753273,0.7886684110384383,334.6034338637464,0.27960725619102134,128.17140877959312,1200.341517677456,6.746038912086157,10.03427637715255,0.0004581109445116486,3.756030872513384,-0.27068840004612504,0.9732033659270078,20181026_R01-Scene-01-P3-A01.czi_nucWholeIndexImageScale.tiff
2409032,0.25523935397849223,-0.9665834911396488,0.02385847515937607,-0.9584770047055476,-0.24969884809669704,0.1377400330690547,0.12717980826893766,0.05802447686512218,0.9901810220627364,374.86392292013636,182.4900478581282,94.79030240152994,388.75623535739226,1370.7192962794577,5608.845213829111,0.9975950814867229,0.9589383000538906,0,84,93.87960682963116,184.7196143513245,39.91961709101415,968.9426832022157,919.0,2334213930,861,5263,280.05555657555027,6.699822949883471,0.005665430370261509,45.22666080500622,0.8534602702367684,155.80535891638107,0.37421353155563264,82.43184628119724,577.9947748605185,6.140540178224497,8.782058771400674,0.0006912652065563337,3.0420862559683832,-0.31131617751929447,0.9773460941854767,20181026_R01-Scene-01-P3-A01.czi_nucWholeIndexImageScale.tiff
1153570,0.7438195929310073,0.6596748226885318,0.10752460873123282,0.6630140758106783,-0.7485819327928169,0.0061176117139630035,-0.08452661384950355,-0.06673992963005332,0.9941836014258698,355.584893690584,187.62619193572624,69.87979743472688,214.09103307703413,1048.8296396972585,4293.708893687604,0.9987561387119692,0.9789450939945877,0,58,150.04155187808283,116.61997971514516,26.105344279064123,1014.9015508378338,973.0,1170759982,873,6068,350.70448606354506,6.998152924182335,0.00472322750424434,65.66002524985534,0.8110638454782066,177.61291517512763,0.37068858756654005,83.12600978126657,644.7916354506548,6.349157136470514,9.124508252471044,0.0006433245261912111,3.2635869626395437,-0.31668916540664116,0.9796530254702888,20181026_R01-Scene-03-P5-A01.czi_nucWholeIndexImageScale.tiff
967688,0.4936011169346266,0.8666617486599058,0.07249379815296793,0.8259903233788467,-0.49325843211805365,0.27282980927484385,-0.2722093368079003,0.07478992281179343,0.9593271310665663,276.0457436929453,151.18773246050824,79.40927852349733,192.5990117248075,906.4583595722335,3504.22951453354,0.9984884539636741,0.9771666775777003,0,60,102.19908482899447,117.85414617107993,26.65609473301312,1074.2952346210761,1022.0,1039582607,926,6755,372.48476363602924,7.083117571522346,0.00503907914696561,57.01102076331666,0.8287772982501724,169.51713108018416,0.3856837515460476,77.92986165915994,621.0575035574212,6.334779238820284,9.017095376698787,0.0006782733017511607,3.1818558784051465,-0.3284088860359573,0.9820698405371507,20181026_R01-Scene-03-P5-A01.czi_nucWholeIndexImageScale.tiff
1016120,0.08423163463762304,-0.9944816854481061,-0.06253965969341505,-0.9628373762807722,-0.06506710607165377,-0.2621267985998743,-0.25661102580176265,-0.08229489058109442,0.9630048454816896,316.5643486550738,134.88691317572682,86.506658575241,243.09616482869436,689.8328219269644,4537.478723704324,0.9985638196170497,0.93584997815503,0,68,77.85615675313939,137.30294551824588,33.43065090737314,1024.529256387041,971.0,1041044668,902,4806,340.0250296712333,6.979368398413329,0.0030898617969968125,96.36867979641563,0.8238272069682011,277.11557874308465,0.32010387109295924,103.96776960865962,1012.0936351759224,6.665854382061811,9.742017807573205,0.000544336764666741,3.4963596573069395,-0.29866562806189634,0.9800049113111265,20181026_R01-Scene-03-P5-A01.czi_nucWholeIndexImageScale.tiff
993475,0.3160517692903786,0.948061559971748,0.035924332037730856,0.9468577653848803,-0.3175831049973377,0.05100336803193384,-0.05976329357366623,-0.017895528049929263,0.9980521523532937,203.39631918052535,196.20396129489615,67.55131051607293,215.96522094600365,1354.9000502824013,2133.3731868127497,0.9948628656345466,0.987214776916487,0,63,120.29432144744457,113.89150809028914,24.755188605651878,1067.2865135005914,1014.0,1060322469,946,4652,336.0749964229204,6.944698080753162,0.002929996719906765,94.22480294054434,0.8221073691761206,268.5400285364375,0.30282588587918186,110.44368777325687,979.935311205207,6.647898563876068,9.790245072492349,0.0005142180818028473,3.5489759368679854,-0.28789278580568517,0.9771563676910304,20181026_R01-Scene-03-P5-A01.czi_nucWholeIndexImageScale.tiff
956318,0.7949121397611595,0.605437826723078,0.03949339227226132,0.6052903272184045,-0.786878139489547,-0.12019323345890154,0.041693043018849005,-0.11944802872506978,0.9919646458405276,232.41898360846594,194.41331067913495,67.92896524411205,181.38018735849326,1228.8763482314857,2593.560228860707,0.9975515625244007,0.9890473756204233,0,58,110.48919501672037,104.41423459560522,23.345012851373706,1070.64408491736,1040.0,1023876210,952,5094,344.8163001087756,7.017154072171699,0.002824201014286087,83.07033333793427,0.8245619914912101,240.1768843761261,0.3198037582198514,98.10118519387825,877.6372041665704,6.626394115037842,9.6889740843733,0.0005501141829793549,3.4530323245236363,-0.2961451137145544,0.9789915856689976,20181026_R01-Scene-03-P5-A01.czi_nucWholeIndexImageScale.tiff
2118517,0.7770650129190063,0.6294071183694236,0.0040798337077407295,0.6230463681551283,-0.7682595927569715,-0.14693679343716706,0.08934869235690557,-0.11672136686481437,0.989137469561901,376.6399307974808,135.13717498656274,108.05385335975362,554.7111391420184,852.9499797516455,4980.163225864799,0.9937774277915639,0.759639598413253,0,98,141.95382996690608,120.70839979098587,51.15961967734977,1033.8102738849866,983.0,2190144640,914,5795,302.9961362062192,6.782362114825559,0.005775334237038283,44.99024481152465,0.8537783948471372,155.4180075021099,0.3876902246342505,87.62628161914755,576.6817851969149,6.150354390427856,8.720636127242523,0.0007171092487468083,3.002807117814333,-0.322815283019666,0.9799928161314779,20181026_R01-Scene-03-P5-A01.czi_nucWholeIndexImageScale.tiff
1436523,0.6635027896090527,0.7438766104727222,0.08007269554985053,0.7230262755482031,-0.6650330046611042,0.18698691820102756,-0.19234618022695138,0.06617167901026792,0.9790935889122465,385.76459798388635,253.2987267877433,66.16181211517554,134.28707077836975,2002.8804079099327,5624.049092379813,0.9997148967858857,0.9977498199788333,0,63,139.24193417021516,136.19560772782614,28.819766199357755,1022.9877885700403,995.0,1469545487,919,5141,336.99628894881556,6.951695406887455,0.003485116240927985,96.20512325249783,0.7979648907546786,245.32863698526256,0.3263296165141461,100.1096623375692,885.1094246885524,6.581522955242425,9.567735969891576,0.0005434631939194473,3.5310066679357877,-0.30120473717016527,0.9780195378306029,20181026_R01-Scene-03-P5-A01.czi_nucWholeIndexImageScale.tiff
1622876,0.7844314714733129,0.6110842670608151,0.10603435817205373,0.598562080324259,-0.7906793811570876,0.12864506290930972,-0.16245215467979648,0.037445089982414685,0.9860056605700094,477.75427739501845,194.96716102253333,64.38049193412343,159.10170924483324,1452.9488129068075,8126.899358272145,0.9998083487966903,0.993986506488794,0,66,228.4025267488089,137.5179631715547,29.759972419334563,1022.3842098841809,987.0,1659202797,928,5344,345.0504532760319,6.971426927797316,0.003887352360879552,84.04520190542887,0.8172807378506428,236.48095252513832,0.34233909568716775,98.30208221044106,861.8786081951249,6.535124838817859,9.456910601441841,0.0005802467115174,3.4254679974593283,-0.30999933508184196,0.9801803428322728,20181026_R01-Scene-03-P5-A01.czi_nucWholeIndexImageScale.tiff
1435454,0.4739852843593263,0.8725597264789973,0.11822636735392847,0.8800179691087925,-0.47400939939677406,-0.02972311102737701,-0.03010521975414514,-0.11812964492626914,0.9925417183842442,271.2036834221289,246.36568215506097,78.00501454797879,265.8419193183174,2037.1057715287075,2604.1847430929897,0.9947759271011453,0.9914483340961502,0,68,137.83139550274686,96.5844791961289,32.82080233849361,966.183093989776,921.0,1386911387,874,5803,301.48515872321076,6.790835545018007,0.006064501659417671,52.985944514707654,0.8143874007156049,145.06818667060026,0.3803796019512745,80.21630430762637,527.2868021676927,6.126191033797956,8.804895666934101,0.0006830954186551571,3.130473463564328,-0.30054650802022453,0.973283527411801,20181026_R01-Scene-03-P5-A01.czi_nucWholeIndexImageScale.tiff
1216032,0.016051223798408412,0.9975063443279011,0.06872736893087159,-0.9976645319141565,0.020542014032246703,-0.06514220920421826,-0.0663915655417204,-0.06752124617545027,0.9955064245597983,271.2965958336461,220.78092013412135,53.12145180019466,118.35316823180165,2549.865585769411,3033.7426070156434,0.9992387318547014,0.9989222220226905,0,47,110.04857191258125,129.04380147890845,22.24304870266572,898.462917094287,876.0,1092559658,821,5167,294.963339888525,6.763222260069661,0.005111269530757575,60.30131784520116,0.8013689561361595,154.81038263418003,0.3551437353991135,79.74212479263825,558.9402126915194,6.210138472087973,9.030398241253032,0.0006232299063507372,3.2795642267416705,-0.28685755081474074,0.9693482880239425,20181026_R01-Scene-04-P6-A01.czi_nucWholeIndexImageScale.tiff
1047308,0.8267618239837559,0.55703774940404,-0.07857373697320807,0.5588083678914397,-0.8292965519018991,0.0006610432104715433,0.06479270311970828,0.04445418700755119,0.9969080854722461,284.07422094589276,198.46900805631316,54.30345606859488,128.4765052429501,1544.4017471694324,3227.4887752379327,0.9992073889914568,0.9965338273761095,0,47,134.43082073277392,98.16638180936268,21.74848086713746,973.2637629045133,964.0,1019306925,899,4336,307.9530340172257,6.845217892116106,0.002718358904076047,94.48886109654937,0.7861031035377029,227.885823941195,0.2929132431850795,108.56391715124741,817.0544346682307,6.60736425973755,9.780619271746893,0.0004920308149560167,3.6062680771820532,-0.27212095279295045,0.9700570965210212,20181026_R01-Scene-04-P6-A01.czi_nucWholeIndexImageScale.tiff
2346676,0.0590287699518367,-0.9960188602609691,-0.06679846047936613,0.990657931099043,0.06668860251795487,-0.1189516449855405,-0.12293277784438539,0.05915285537184635,-0.9906505296182002,408.5842054595803,274.3561638609513,85.41442043592497,191.43913891730995,2783.319390579257,7211.671004714404,0.9996475997676735,0.9976317915144797,0,66,144.99045500955393,206.0921465085082,32.39923023033431,965.4441993696616,932.0,2265584732,873,6453,313.8801031689922,6.815551247473374,0.007607673857429462,42.90635711766701,0.8185173964612547,120.72109107647218,0.40449199317131573,72.67858795377005,439.97800718822185,5.974302112343068,8.508603300658391,0.0007320450469502348,3.035405393095106,-0.31259570744180176,0.9740634719367337,20181026_R01-Scene-04-P6-A01.czi_nucWholeIndexImageScale.tiff
1223471,0.723035064496933,0.6901439530792886,0.03035818729780698,0.6907755513822297,-0.7227464088483367,-0.021604770524335112,-0.007030869113599663,-0.03659170021911167,0.9993055660580413,251.48768167809163,193.074520400023,64.11942777054439,213.09899232214627,1904.2193742625554,2395.7706213415577,0.9960362715555322,0.9937184763462421,0,60,99.2078275659987,116.19193916324947,24.70614178840365,972.2317071675585,921.0,1189497299,843,6188,315.3587784424259,6.882360266128847,0.006177353990850625,46.72551240058393,0.8216705106839958,133.1339707954928,0.38955928271178836,73.69340987520785,485.8103707813877,6.131293916007424,8.780013552629653,0.0006993860477864786,3.0961609313455876,-0.311165628117836,0.9760110063626791,20181026_R01-Scene-04-P6-A01.czi_nucWholeIndexImageScale.tiff
1437915,0.7829935350071616,0.6190313419052189,-0.061002638270921276,0.6063869697199169,-0.7814785504651776,-0.14692214985066612,0.13862166890816865,-0.07804788851640063,0.9872651923405613,385.0548454331638,263.2381245412039,67.21121728749297,158.8294722454378,2199.5518673527604,4510.722295488314,0.9993798815010468,0.9973894559985019,0,60,145.01178581487778,128.7343452151205,27.097544708831887,923.3512912793872,900.0,1327700672,826,7739,285.4699754085996,6.754135713192444,0.010869719106571942,30.123496155422064,0.7951797166005184,75.77144928310727,0.459113406065903,59.31039178827826,272.96230097700777,5.672777516555518,7.913163569041125,0.0008555778759467323,2.8000419788721365,-0.32990785877319906,0.973115122524316,20181026_R01-Scene-04-P6-A01.czi_nucWholeIndexImageScale.tiff
1212622,0.5310694468148718,-0.8426612501186215,-0.08881024832905338,-0.8376096720748187,-0.5379156881776465,0.09516695676065105,0.12796593260106534,-0.023848059897847808,0.9914918003355592,305.9268200426824,171.3877260007337,68.09181758361277,200.73558927157535,1202.7905976956688,3889.790269180842,0.9986675349537403,0.9859752582883319,0,63,94.96732699885042,102.98664546742513,32.58961490060381,939.7373592100424,910.0,1139546196,866,4854,275.38278112904607,6.70432349523983,0.004697584985593434,69.67896687043,0.7895047070955807,168.77470857994697,0.34362750101115663,94.56357897871575,605.4198674493583,6.257655188985305,9.117087949130145,0.0006035723871707232,3.3120239762127386,-0.2847445035902018,0.9701927822989801,20181026_R01-Scene-04-P6-A01.czi_nucWholeIndexImageScale.tiff
1151653,0.9766977191415706,0.2103547693809728,-0.04257271922641875,0.20769257431580235,-0.9763819455043405,-0.05951546914234806,0.054086597209739816,-0.04928658531321317,0.9973191427574398,274.72621789908146,185.90522129912333,56.956225624388544,162.5903088072983,1411.7114763854502,3500.9039840688547,0.998920970575615,0.9933455090428809,0,47,122.32750055789374,87.02629958850453,22.305577287603125,1156.1038654872605,1014.0,1331430485,816,6735,502.55147358431225,7.353064164882674,0.003760701156282547,67.41848735804027,0.901209452096543,342.107723840748,0.36421977621101836,75.25333277263569,1301.0124080049522,6.742779672645636,9.638909620764528,0.0006180062473298373,3.3315230671269283,-0.33564660562696125,0.9874229170904626,20181026_R01-Scene-06-P8-A02.czi_nucWholeIndexImageScale.tiff
1170024,0.9840313472240567,-0.16237328489283098,-0.07291929808712985,-0.16779409390061384,-0.9829162600166081,-0.07563575772764841,0.05939233732124126,-0.0866633841254488,0.9944656897648328,336.7309121927371,209.88125804482206,60.76986496683597,112.78768616946132,1267.679809518928,6216.683197290892,0.999835406890996,0.9960341502142338,0,50,151.26921840919502,103.09442284944582,22.829806909943727,1200.810456879517,1117.0,1404977054,1010,8881,488.6919786380247,7.345356344200821,0.005714372523399242,47.818772807823,0.8584334494948281,171.10983960378647,0.4068070401644936,65.67341422939049,636.6205856073235,6.315850708165007,8.941178811999375,0.0007119619036447928,3.1308381533361755,-0.3319806969810942,0.9813217098188246,20181026_R01-Scene-06-P8-A02.czi_nucWholeIndexImageScale.tiff
1328771,0.9235249372905775,0.3820432163762355,0.03383298720680463,0.383401681993996,-0.9172418612777886,-0.10803017246969769,0.010239162397845666,-0.11274018245753803,0.9935717441699072,257.5504860073107,256.06899493349033,59.92986755743391,153.44192455203967,2726.798226732959,3070.3343618420713,0.9987504370026271,0.9984154852659807,0,52,137.7554236207744,145.73851626804017,23.761424654812604,1151.5214660765473,1054.0,1530108330,867,10382,519.5181700789171,7.377148271317587,0.007875825575765969,38.546847799895765,0.8681824679971282,147.53765933779053,0.4606539521611762,53.9680053167376,551.6037895512658,6.15412407881017,8.506018406218084,0.0008223008534753728,2.9270763292867037,-0.36598737742543214,0.9860130400911663,20181026_R01-Scene-06-P8-A02.czi_nucWholeIndexImageScale.tiff
1216996,0.8546401457345769,-0.5146897340318833,-0.06844486088063982,-0.5177095221360665,-0.8547665303475863,-0.036756350297524894,0.039586260096451636,-0.06684800879413366,0.9969775683192854,271.73055849136534,238.88429116191693,59.29717442991175,158.48534153135688,2567.402278521008,2672.082493632551,0.9982395206607485,0.9980928946690905,0,50,131.94063415163237,128.05997061617293,24.012380484405863,1067.347024147984,1007.0,1298957059,836,6622,409.825351842496,7.207513971468859,0.003930753952339602,62.80293543394517,0.8499709401932165,212.00345657151593,0.36938834987580554,74.88418264111638,785.210890852118,6.532600654511357,9.362505661841057,0.0006394816235160981,3.2739664244843216,-0.3220919755394728,0.9821660331759255,20181026_R01-Scene-06-P8-A02.czi_nucWholeIndexImageScale.tiff
1111508,0.9726118193876245,0.18737265112466486,-0.1375417696483862,-0.18635965042982905,0.9822713861039665,0.02032251788200299,-0.13891122877279224,-0.00586631501942087,-0.9902874617346854,230.85194863748393,198.20114573858677,58.351295902576474,144.03592801895502,1834.9533040289903,2492.9090077345613,0.9983294413416268,0.9969144529268915,0,58,109.06056906473007,92.41166505324298,28.899558977533225,1019.5226719015967,955.0,1133207606,899,6671,387.37654208716737,7.09959348804762,0.00511801790830227,57.19339536744265,0.8457890211832729,187.7040559368167,0.38460787092738913,70.36517148832147,693.6228283798222,6.356929230090194,9.076419878773997,0.000672929831207214,3.2021021811090598,-0.3210239132077328,0.9804442293365252,20181026_R01-Scene-06-P8-A02.czi_nucWholeIndexImageScale.tiff
1044989,0.965671510158618,0.25355693229793674,0.05645720991719056,0.25542926901203133,-0.9664000946338657,-0.02875318458248767,-0.0472696837302051,-0.0421869550372471,0.9979909006723114,316.7446861565302,165.50353853056802,63.66438004701061,167.13208601435588,1141.645041899965,3859.2410112136977,0.9990618125009355,0.9892260903062237,0,55,129.89483621358693,103.11671414723025,23.759861587059767,873.9904525310793,847.0,913310409,749,4919,279.24621778987233,6.793186003559419,0.0040268581194043244,67.57462122663262,0.795723799115854,168.13340962581572,0.3486149701959785,86.61963807145096,604.9590172766282,6.363420230302271,9.262367102637656,0.0006004212120131235,3.3447252311000275,-0.2920096805317647,0.9737559146663026,20181026_R01-Scene-07-P7-A02.czi_nucWholeIndexImageScale.tiff
1230122,0.5650737706987533,0.8238242786958414,0.04477936466241407,0.8198103026023783,-0.56676564744515,0.0817787785619037,-0.09275074886646298,0.009500458270877535,0.9956440327131749,289.70228223639936,243.01912103678603,52.4772870824188,113.50454786370197,2246.494970212962,3697.0181776688373,0.9995285933168009,0.9987227877920295,0,44,148.64516446336216,108.64637409947956,21.876944725807682,816.2831540286248,813.0,1004127866,750,2837,257.0588006976047,6.665696154787028,0.0016443643639804696,163.2411528021113,0.7649357496730267,357.951045004111,0.23851765793286764,138.63851555610486,1268.5630272143285,6.953414200129562,10.535629523738272,0.00038485385247076856,3.9649947271996266,-0.24687593725194043,0.9667048145561008,20181026_R01-Scene-07-P7-A02.czi_nucWholeIndexImageScale.tiff
1519192,0.8735510690124939,0.4821289193559327,0.06678499043804448,0.4805610795910019,-0.8760982584013443,0.038895891922698184,-0.07726304815019688,0.0018832808638861577,0.9970089641742084,354.56028917714275,174.96839720664747,61.35542811193492,170.382085121286,1354.0120900179224,5559.122142106179,0.9995302060107535,0.9920511870108538,0,58,166.53412866839741,114.24215372382162,26.375843869635965,866.0220380307427,837.0,1315653752,799,5091,278.91784124587787,6.741309337564936,0.004956639037826256,57.20664868864339,0.8194420812336685,161.4370825693028,0.36747224688798763,81.96399132168206,588.5416815885677,6.255986749633992,9.006255629881062,0.00064653040270055,3.2208966449152427,-0.3019845024980391,0.9751765497891938,20181026_R01-Scene-07-P7-A02.czi_nucWholeIndexImageScale.tiff
1353819,0.8604929054357373,0.5093362209834351,0.011339033868753219,0.4983451088110765,-0.8461312615644216,0.18898158832933018,-0.10584947906739814,0.15696656394822942,0.9819151621109875,373.0904669597767,157.73396716601107,67.93958900947239,189.50284887143005,1043.3190362239661,5849.811463836413,0.9994751541879052,0.9833660902926451,0,60,138.9467691028121,125.73731421999544,34.81335909748644,850.5843439928085,827.0,1151537246,781,4039,258.3672931445916,6.611718657950779,0.0041183189990824575,86.53499730829347,0.801429158664768,223.62390647897428,0.3163940510966946,104.32593502190437,807.9606286076071,6.389156175980138,9.404073931169881,0.0005355411581242747,3.502888588964913,-0.2769721287802859,0.9702302993516625,20181026_R01-Scene-07-P7-A02.czi_nucWholeIndexImageScale.tiff
1366419,0.6563407417232395,0.7508665285952218,0.07359542777611078,0.7486279201211332,-0.6360471377111028,-0.18708360650954822,0.09366465699127947,-0.17788618508719048,0.9795832977270651,308.38169408662606,213.53114208852412,61.64762317508766,142.61659498419365,1593.734201338946,4469.121793829618,0.999490696854829,0.9959880972757785,0,60,137.4614389876019,123.48078664011551,28.42693639359523,860.7463977008516,844.0,1176140232,771,3864,261.4492921660944,6.711369016135515,0.003042388708030401,100.26990919858511,0.7913214511759882,247.2919785026753,0.3065878544496345,109.3524644231176,888.8980048121156,6.599770080624278,9.711518228944215,0.0005163016593163611,3.5584635371944517,-0.2854917319371945,0.975217170561312,20181026_R01-Scene-07-P7-A02.czi_nucWholeIndexImageScale.tiff
980365,0.5257039015217431,0.8343816743751855,0.16565817031368926,0.833458252216993,-0.5441806551766306,0.09599352240088034,-0.17024320760668382,-0.08760499984815466,0.9815001855656433,290.9020360535162,169.97878356010804,61.47321134080447,132.4846376563484,1085.0336858157477,3873.066976665326,0.9994147813855585,0.9925175738149976,0,68,114.34159828227241,126.00957296517113,30.479548943505733,999.1278911425846,984.0,979510015,884,5034,319.0401223794275,7.003638995326541,0.0027126885451928266,87.07081313915393,0.7953496168904005,219.21602248178138,0.32332924886367365,101.262978030277,789.7932767879707,6.659174757046302,9.710060652276542,0.0005446730783469362,3.489607287469153,-0.3001378434270924,0.9792008760861406,20181026_R01-Scene-07-P7-A02.czi_nucWholeIndexImageScale.tiff
1932086,0.9997812322758242,0.018497189940937207,0.009764299940267495,0.018187849458180957,-0.9993578605394516,0.030871810929979787,-0.010329071648563759,0.030687465556783165,0.9994756574007093,373.4456036466851,199.03277951582572,67.12282564709668,250.40781071464002,1371.0793135925494,9131.156812631587,0.9996239065066651,0.983180685101773,0,63,211.0070022762962,99.15230740246552,30.994776630025786,882.3278492779307,823.0,1704733285,772,4896,302.5330969923548,6.758379730559752,0.005211738932834282,61.723098109372096,0.8520196748639866,210.9145621043793,0.35535452971472775,82.85717445045337,781.9351503081464,6.341826655083152,9.137538784268376,0.00061839021331803,3.28870301406404,-0.30430015629445123,0.9773670481997652,20181026_R01-Scene-07-P7-A02.czi_nucWholeIndexImageScale.tiff
1556958,0.6158948631056524,-0.7871590187022699,0.032468398108760954,-0.7851262372858357,-0.6166714002946634,-0.05738619680728594,-0.06519439489293276,-0.009852072588947299,0.9978239461649768,397.69571196060326,212.68192369605703,61.92694782302649,193.0023695436826,1550.1906527792632,6540.261529347602,0.9995644884907163,0.9922193136593427,0,58,133.71818314944912,148.30253609923966,30.0333669887049,1070.3486176248814,962.0,1666487843,855,7290,439.8985832581964,7.2057873058459885,0.00574579694798085,52.07791886108396,0.8792522991734351,218.16834217363612,0.3968572292832063,74.95420144806988,820.5954498334607,6.456281077420647,9.076468372878924,0.0006842916926625771,3.175732277783309,-0.34765881088023204,0.9859995607572323,20181026_R01-Scene-08-P12-A02.czi_nucWholeIndexImageScale.tiff
1279534,0.5676019516761177,0.8187927641396114,0.08606064051630569,0.8224281444528179,-0.5687104486785055,-0.013430293213027578,-0.037946958578487525,-0.07840175352954316,0.9961993743112547,325.2667906686752,189.11270872515087,72.26653919017052,185.44361401150718,1149.54008456987,5890.884571913092,0.999504389639217,0.986902179351849,0,60,111.8655987257861,145.74517363352595,28.18086584647223,1317.0276452208382,1202.0,1685181651,1107,7640,496.14418037954295,7.464804154028645,0.003253509316186812,60.29789380241403,0.879993664242108,254.05409420735975,0.3647206447655372,85.86065207705845,955.9184830270258,6.752293342953735,9.603639630471573,0.0006257540760998069,3.2837806933237084,-0.34376204774488267,0.9881332324176394,20181026_R01-Scene-08-P12-A02.czi_nucWholeIndexImageScale.tiff
1263934,0.3572959006351282,0.9274872782827983,-0.11003175911026702,0.9165364232984995,-0.32550774035050994,0.2323912557285633,-0.17972374399763233,0.1838805579594315,0.9663784539444171,306.5558227128854,200.16311176191908,69.19445509370976,169.6006189771786,1376.3896106279408,4544.129645986137,0.9993032535475325,0.9923792082617503,0,71,118.20061727906679,118.03907957219285,29.260061047491405,1317.045560923276,1242.0,1664658664,1081,7596,468.09934674282937,7.346466380122755,0.0037209522994538185,78.5106055244327,0.8192599642172727,220.73116563326207,0.35729041284234564,85.30287958363907,804.4140570086159,6.560394104873637,9.456333201184238,0.0006083415827748058,3.3682217367798293,-0.31871383474526355,0.9820537875812483,20181026_R01-Scene-08-P12-A02.czi_nucWholeIndexImageScale.tiff
957474,0.9902087640925877,-0.139537728138741,-0.003978183016004734,-0.13955539768486716,-0.9902036915597168,-0.004576046167586569,0.0033006804220650308,-0.0050864179328982675,0.9999816167617098,242.1177787476034,158.5900380011728,63.68159979361551,283.0363091579696,808.917979303269,2487.878149748441,0.9935075560824354,0.9367889462501038,0,63,108.31919613482977,71.47825841746095,33.380003007914574,948.2424671583772,868.0,907917508,801,5957,344.3345101508963,6.891578048314714,0.006227162559667964,54.36188156369704,0.8549009160202385,188.69240402636828,0.38696366033277485,74.1954843989247,700.407734541776,6.228706725179536,8.89289790915285,0.000683193076382919,3.15489065723569,-0.3195428731931819,0.9799468232762496,20181026_R01-Scene-09-P13-A02.czi_nucWholeIndexImageScale.tiff
826182,0.6796719406029337,0.726493181792236,-0.10126060421721492,0.7026017028791653,-0.6051385234157325,0.37437710211700176,-0.21070571959094728,0.3255994844707539,0.9217310212008926,290.4234525910719,127.04249923756933,82.25011324415682,268.5285923421009,470.73833793784956,3837.6197139464243,0.9975489070749897,0.8213383689153547,0,74,119.05394695115604,124.05615953869729,30.985984928260358,1133.8754826418392,1050.0,936787514,942,10198,405.855914037368,7.0873546234796585,0.009418474466262762,32.98395465792875,0.8398023168523616,103.63243316835468,0.4671021540236066,59.2541405937067,381.5457780154901,5.839945550121816,8.118530432026798,0.0008712939437877582,2.7820829547372274,-0.3442276358697201,0.9799262120803287,20181026_R01-Scene-09-P13-A02.czi_nucWholeIndexImageScale.tiff
1162355,0.49550658210152976,0.8671209371401029,0.05073960452476663,0.8429578461245247,-0.465965100183779,-0.2688839806827897,0.20951204440595408,-0.17600512999339082,0.9618351716717616,263.91530833171635,210.92479552346822,75.17128997809768,158.19792802851921,1879.149920772159,2802.062947894082,0.9984049940737478,0.996450066073193,0,71,119.65819478558616,137.79852626779254,32.34732590301586,934.0267749525748,881.0,1085670692,789,4540,341.12838073445647,6.980057686631033,0.0029705813632419304,113.53989050467732,0.8260545863523379,332.73913094580837,0.32230428065749833,104.01395332563165,1217.4166332785553,6.798225920375426,9.86016095889383,0.0005309836052665246,3.588504624226819,-0.31404594773443056,0.9835691507363318,20181026_R01-Scene-09-P13-A02.czi_nucWholeIndexImageScale.tiff
1062157,0.9547342003050053,-0.28073513227554187,-0.09833815268854668,-0.2796933756558132,-0.9597765018316282,0.02450881772135699,0.10126313436892002,-0.0041051233935956695,0.9948512077590826,316.56239578403773,167.93330420412278,66.90799528164032,193.45872615997314,901.8281777514686,3936.0686846205167,0.9987913965221807,0.9767199504376785,0,63,161.90578511462994,92.18996438379637,31.7121564891066,1002.075977468491,930.0,1064362014,815,7130,375.7997901273977,7.022447137680924,0.0066289460650129535,48.74076739704766,0.847445106302739,161.62188844805937,0.42088753241130494,69.3123983038079,597.7467863951896,6.187499759517247,8.668733348021776,0.0007562556051136714,3.0184622498151694,-0.34598604021704565,0.9837564638100614,20181026_R01-Scene-09-P13-A02.czi_nucWholeIndexImageScale.tiff
2266526,0.9857289945515947,0.16078148290790997,0.049876487990191155,0.16284359920375124,-0.9858222165013033,-0.04045392009219161,-0.04266510867993022,-0.04799866879811201,0.9979357776404947,321.56631913765864,221.98084685524287,82.98889900984769,347.60854566075113,2028.471802221258,4580.919324004455,0.9971168174964712,0.9852076559957476,0,76,140.93854603918066,126.44365650338888,38.58402374382646,931.383677928248,846.0,2111005322,777,7165,346.97255003557854,6.8398120586612,0.010052500949557381,31.481394044794232,0.8858678054899207,138.76698375199618,0.4544279901094915,59.72299635641283,523.5865409631905,5.9217257436803985,8.18065923903413,0.0008493510745077585,2.793685269277227,-0.3515007899806619,0.9824266833756206,20181026_R01-Scene-09-P13-A02.czi_nucWholeIndexImageScale.tiff
951873,0.7801908672834827,0.6251296870248667,-0.022695484300606875,0.6176444396286633,-0.7640873984234611,0.18624122466914134,-0.09908358493333703,0.15932144228150483,0.9822418852940956,225.73215452147696,201.01149579707214,87.82923348331444,283.15206305382634,1274.5549418184012,2171.20587345012,0.9914598421698753,0.9750107702573615,0,71,121.28126651349497,91.18438804336293,31.695161014126885,1023.560038996799,947.0,974299165,856,5524,350.0521046472388,7.05220088215248,0.0035297767742784587,76.2790672882911,0.8345905297863117,232.62400489897342,0.3469658968951315,89.74098665681097,854.2169523076026,6.597414758668516,9.518026066203234,0.0005928966664736502,3.365794043236569,-0.31736814535696034,0.9832717693702302,20181026_R01-Scene-09-P13-A02.czi_nucWholeIndexImageScale.tiff
849487,0.6775105040042397,0.71609303855131,-0.16789960423500985,0.6876265797202933,-0.6976976927369856,-0.20096670473403822,0.2610540247268609,-0.020704822815918893,0.9651021223093798,284.5290516894672,127.2181405074019,73.10859307677835,184.70802563627566,623.3759118793082,3598.189849063221,0.9986815617984799,0.9550940545802663,0,71,105.10976389279648,99.13517334579576,35.18761911600766,962.991950435969,878.0,818049143,797,4600,365.1852297803348,6.970204871001408,0.003568519971903541,115.68102898390303,0.8433744977093073,373.92527937297615,0.32851259167473934,107.01151537563685,1380.020088508004,6.761989444940695,9.768363747442558,0.0005451488096121731,3.554230933043762,-0.3183053818357072,0.9845401131603264,20181026_R01-Scene-09-P13-A02.czi_nucWholeIndexImageScale.tiff
1533885,0.9921689209493708,-0.012220843191124016,-0.12430399548630433,0.031677102997553115,0.9872843420086105,0.15577608664460435,0.12081967326492654,-0.1584937822639196,0.9799399611893749,258.38130554741514,209.37182557825628,88.55814326154808,289.03854091920743,1647.5011101529763,3005.047463015126,0.9953635368853635,0.984490022748096,0,74,124.05082975581611,113.16056484025856,36.86913230131333,1035.6008090567416,927.0,1588492547,830,8078,417.0877515476693,7.120817974285487,0.008026814050879948,36.8903405140146,0.8805464740504377,155.17605147956795,0.4490804195363112,59.12268381235075,583.8138654042573,6.136292550139261,8.511588353832071,0.0008248068292674005,2.8689048302741393,-0.35770250780596613,0.9854949488762722,20181026_R01-Scene-09-P13-A02.czi_nucWholeIndexImageScale.tiff
1150890,0.9840969403549868,0.04536439708222841,-0.17174190944938134,-0.017238922875444606,0.9866663831103394,0.16184025450442008,0.17679375419411178,-0.15630585375259282,0.9717574021125978,269.8756798245481,187.22461175420503,88.27600999384035,234.29527424479065,1380.409405203032,2480.445526248789,0.9955289488554139,0.9854908036233326,0,76,104.01191686433977,94.39407588909452,38.16439885653711,1021.8366412081085,928.0,1176021572,809,6073,388.88469262141695,7.097614226254524,0.004467245721494251,68.67699290562594,0.8602276905166911,248.23062683745957,0.378758831959076,82.07466540975017,924.2455144442135,6.562153947410844,9.302621735463886,0.0006588520681150793,3.2356510636600797,-0.33816170364150494,0.986200588960519,20181026_R01-Scene-09-P13-A02.czi_nucWholeIndexImageScale.tiff
1523877,0.9893144579704407,-0.11217759609070661,0.09312942706772884,0.1197427188403374,0.9895721539779089,-0.08005394029181516,-0.08317802916261624,0.09035009134932746,0.9924304894841709,366.0005275540259,216.96715416483315,66.37781759399168,171.08654727451056,1990.6391327741078,5080.208473905803,0.9994327665290502,0.9962998368159339,0,60,200.9927953502809,121.2638323171752,28.027337508210966,981.1534802349533,917.0,1495157222,724,6798,390.9169992226483,7.1100143754085305,0.005066989551778361,54.90858083008344,0.8599072487362796,198.3565476064581,0.40574286605354837,70.49079442858444,738.5176095957498,6.395406832793619,9.005683367181284,0.000709487799610497,3.141248387653991,-0.3438975277584895,0.9849400738770508,20181026_R01-Scene-10-P9-A02.czi_nucWholeIndexImageScale.tiff
1973234,0.693372446578493,-0.7190115936366392,0.04750766824266797,-0.7197045787353564,-0.6877761740258899,0.09481167538690505,0.035496051514464916,0.099931289686513,0.9943609845868213,326.16125971050565,307.90540368391504,70.0033820201815,182.91313324417882,3716.976044696493,4148.460011625807,0.9990274830104091,0.9987884441915923,0,58,152.10461861086927,123.68267524277404,28.38295762185326,980.8988837613786,912.0,1935543028,815,5953,369.43289360536386,7.055236215130076,0.004396859653111677,60.48016274833093,0.8604035601891281,218.5170349496696,0.3709313720568649,77.21856545994557,813.5879770503475,6.462714697410442,9.272601905458455,0.0006448021542498695,3.250739545381833,-0.32085766963601325,0.9821473149600345,20181026_R01-Scene-10-P9-A02.czi_nucWholeIndexImageScale.tiff
1106140,0.7976214891057771,-0.5935273630503839,-0.10735562131132369,-0.5972716585165929,-0.8020316407311895,-0.003437033440998637,0.08406263170708528,-0.06686192172300953,0.9942147440940439,254.64394264398098,206.7961981366419,68.2124681950308,203.76434691420405,1615.5449128777693,2569.797773479363,0.9968514344293694,0.992014062230375,0,58,102.06175800531578,152.56583253476052,26.96096425407272,1136.9649185455728,1058.0,1257642375,905,5430,429.94028295235535,7.258517405975875,0.0024270415848646363,106.87943655156218,0.8474228618455827,353.8908477412958,0.31156685100410225,100.94251465528406,1308.6839544136226,6.904354956267175,10.111998957491704,0.000513917164391508,3.613264403242866,-0.3035695200195287,0.9832372987146221,20181026_R01-Scene-11-P16-A02.czi_nucWholeIndexImageScale.tiff
