dna_volume,dna_shape_1st_axis_x,dna_shape_1st_axis_y,dna_shape_1st_axis_z,dna_shape_2nd_axis_x,dna_shape_2nd_axis_y,dna_shape_2nd_axis_z,dna_shape_3rd_axis_x,dna_shape_3rd_axis_y,dna_shape_3rd_axis_z,dna_shape_1st_axis_length,dna_shape_2nd_axis_length,dna_shape_3rd_axis_length,dna_shape_1st_eigenvalue,dna_shape_2nd_eigenvalue,dna_shape_3rd_eigenvalue,dna_shape_meridional_eccentricity,dna_shape_equator_eccentricity,dna_position_lowest_z,dna_position_highest_z,dna_position_x_centroid,dna_position_y_centroid,dna_position_z_centroid,dna_intensity_mean,dna_intensity_median,dna_intensity_sum,dna_intensity_mode,dna_intensity_max,dna_intensity_std,dna_intensity_entropy,dna_texture_haralick_ang2nd_moment,dna_texture_haralick_contrast,dna_texture_haralick_corr,dna_texture_haralick_variance,dna_texture_haralick_inv_diff_moment,dna_texture_haralick_sum_mean,dna_texture_haralick_sum_var,dna_texture_haralick_sum_entropy,dna_texture_haralick_entropy,dna_texture_haralick_diff_var,dna_texture_haralick_diff_entropy,dna_texture_haralick_info_corr1,dna_texture_haralick_info_corr2,dna_io_intensity_outer_volume,dna_io_intensity_outer_mean,dna_io_intensity_outer_slice_mean,dna_io_intensity_mid_volume,dna_io_intensity_mid_mean,dna_io_intensity_mid_slice_mean,dna_io_intensity_inner_volume,dna_io_intensity_inner_mean,dna_io_intensity_inner_slice_mean,dna_bright_spots_number,dna_bright_spots_number_used,dna_bright_spots_intensity_mean,dna_bright_spots_xy_cross_sec_area_mean,dna_bright_spots_xy_cross_sec_area_std,dna_surface_area,dna_roundness_sphericity,dna_roundness_roughness,dna_roundness_roughness_xy,dna_roundness_roughness_xz,dna_roundness_roughness_yz,cell_id
573142,0.4792433934418339,0.877045303989867,0.033426106439090955,0.8766053345891941,-0.4764223538634563,-0.06771135878839424,0.04346098494193205,-0.061751724579360956,0.9971448577309878,149.30667596398305,115.86587731235342,61.58105610215535,195.3446852192215,689.2713484445272,1215.3950292354725,0.9869991843799867,0.9589995704737124,0,58,181.83622208806892,96.79063827114398,29.8497440424886,968.1094545505302,1024.0,554864189,1043,2230,272.0626408311901,6.74862806309066,0.0006127450832371181,190.35832078115214,0.8769337425118416,797.3694550809112,0.15593862984293996,224.7012263965808,2999.1194995424917,7.520207008419363,11.5400831730727,0.00023919370687854996,4.459539780626034,-0.2351738578844477,0.9726143347132097,128177,825.3604000717758,1036.7284814555633,93781,1082.11986436485,1097.6908037653875,201203,1109.7614349686635,1109.262882303939,11,11,1724.221910530028,24.181818181818183,9.310972821141357,55042,0.9094598674053586,12.241858659038748,7.0397194758861055,11.590163448999446,15.0353140345558,20181026_R01-Scene-01-P3-A01_cid_1
749650,0.6838392434363084,-0.729388702730819,-0.018868213087370734,-0.7296321527566794,-0.6836419454219845,-0.01645029249886406,0.0009004443963976984,-0.025016210510339226,0.9996866401085849,176.74266609603717,125.17664358481153,51.46344355981463,167.93861747485218,881.3050970640791,1912.1521500477052,0.9961357413830222,0.9816761852218987,0,49,144.91433468952178,196.36447808977522,25.21845261121857,960.8399546455013,1020.0,720293672,1054,2156,267.41045470219956,6.697301930400248,0.0006618520124095519,193.6644391067948,0.8788785518971214,828.9114732956469,0.16085202334157453,230.4964027435278,3121.981454075792,7.499596923714102,11.463131527593138,0.00024837415646919024,4.424810417289172,-0.24080237462119697,0.9741034912021305,161596,807.0765179831184,966.1176825588412,128589,1068.5251771146832,1076.9398148148148,266641,1100.8527570778688,1102.7296995776555,15,15,1632.4941729422455,56.4,124.04235835659796,66446,0.8985854346655235,16.903665437202573,9.487211084171928,17.818067369933686,18.697270114474417,20181026_R01-Scene-01-P3-A01_cid_2
641432,0.8139828388101443,-0.5805422315878926,0.020066276822776168,-0.5807561390330185,-0.8140496423701172,0.006744385260752314,-0.012419545001315074,0.01714342731293967,0.9997759037914077,162.8982408761305,123.46618852124766,50.15131412156558,160.97917597302043,842.8291885907697,1546.2105366031337,0.9945655721829781,0.9815903134449006,1,51,146.28047867895583,180.41947392708815,24.599767395452673,930.7863358859552,983.0,597036141,999,2509,261.2395736068347,6.708595219858619,0.0008517978866591448,132.5005305584967,0.8827447040508104,587.4000385574002,0.18264083338721823,191.7802747427107,2217.099623671102,7.297475623441202,11.040078032294376,0.00028880561491516604,4.197931992311909,-0.25274858120678767,0.9756033032766532,154262,800.7679921173069,1013.0804084237396,113694,1054.8760532657836,1063.4261603375528,194376,1065.7755381322797,1056.163117834088,18,18,1695.072658305809,17.444444444444443,6.701759488888987,59414,0.9087151684860945,15.064061027974617,8.083328983668377,17.245584039171572,15.961451063421908,20181026_R01-Scene-01-P3-A01_cid_3
598881,0.9678267135210832,0.251579295774751,0.004394375093188766,0.2515905750549552,-0.9678311939853428,-0.0022276652402944456,-0.003692578840885164,-0.00326157728504187,0.9999878634139104,138.69607847738024,125.08586599199668,62.16836041769635,232.4961432771745,741.2894210722785,1055.188264090347,0.9754239955678592,0.9495428023121362,0,62,131.35993962072598,107.86432363023705,30.01773808152204,947.0583321227423,1003.0,567175241,1037,2209,251.22541785502997,6.629739088497384,0.0007359928715756538,180.11140160225855,0.8649603911293782,686.8701419622885,0.16320619275147036,221.63042076810473,2567.369166246895,7.351294145990386,11.316552150879648,0.00025491733920720953,4.38080217583095,-0.22527481150776787,0.9666983478508424,131323,813.1532176389513,984.2567849686848,95213,1055.4876434940606,1068.8547439126785,220023,1071.9969048690364,1073.6184576485462,10,10,1565.7918891781057,26.1,20.7,56858,0.9064416969755953,10.78808690439372,6.061431493871742,15.248546333329386,11.859149104219927,20181026_R01-Scene-01-P3-A01_cid_4
835852,0.5673257206774092,-0.8227822300754054,0.03421883297251592,-0.8230089750457369,-0.5679274215655125,-0.010708446578020905,-0.028244533135169312,0.022087229479760377,0.9993569935923221,157.98525569906198,124.6854706379671,73.42529156507162,293.10946304884146,840.9767989998218,1413.5746947032926,0.9782661110110186,0.9372959369290054,0,71,77.76022908361767,132.22781066504598,35.790763197312444,1150.4272682245182,1175.0,961586933,1257,3034,338.92137734341725,7.149320640722043,0.00048595667970059936,132.58464139114582,0.9061868433059648,716.1712074709362,0.15690799785886864,195.44202049184076,2732.1001884925904,7.674656428813478,11.708984767742528,0.00024635892982153006,4.3637664662748215,-0.24948703563029656,0.9786018085395493,156718,938.1497785831876,1101.4563106796118,121684,1259.886032674797,1320.2226198997853,371002,1294.9379221675356,1297.9473831775701,47,47,2071.5479345389926,35.38297872340426,71.72807788505595,70538,0.9111716492357629,12.261200944326415,6.499055320766538,12.696935965370141,14.946409790719272,20181026_R01-Scene-01-P3-A01_cid_6
511619,0.4066298897625771,0.9062666755030477,0.1154679419766718,0.9107753089649072,-0.392206220087328,-0.12908376158405127,0.07169706640827292,-0.1576546662724069,0.9848880834241949,134.75637726241692,109.61329828296195,68.86283440655659,224.8389749287921,618.5340656835772,915.9897888692873,0.9694066862578895,0.9315930361034973,0,68,137.24993989668093,148.47581110162054,32.44250506724731,1014.4970749718052,1067.0,519035979,1132,2633,275.29153096957344,6.823495060891046,0.0007440354643708635,136.37739946669055,0.8830315694550658,595.839097486094,0.17175800601850263,199.0307749937322,2246.97899047768,7.3816783584050665,11.267381807229118,0.0002731412819666096,4.265249280566033,-0.24109322303596253,0.9731867038558387,114213,869.3980982900371,1021.2576923076923,81479,1134.2984695442997,1110.506993006993,183301,1151.2681436544262,1138.403950007715,10,10,1901.9006454978603,25.1,12.169223475637219,49814,0.9320265688837335,9.396689343005875,4.25174717118281,9.852352890143283,11.672036815567266,20181026_R01-Scene-01-P3-A01_cid_7
536988,-0.14606365710415967,0.9868462977048118,-0.069280536802656,-0.9532265367114786,-0.15912840529240485,-0.2569772759178064,-0.26462157467296343,0.02850500544468782,0.9639309554538641,116.03776887638075,112.02253684488544,89.75599038252278,376.9570180238493,618.4620922558004,763.697412197393,0.8696920388582573,0.792780632390734,1,84,95.20409953295045,194.17039673139809,44.63607007977832,1092.8331322115205,1104.0,586838278,838,2325,366.98815104066733,7.269886368986226,0.000201812107591956,267.52308583675875,0.908420811912296,1472.3729420470236,0.11534698063845567,243.02857633081547,5621.968682351338,8.228085186535974,12.842461801177251,0.0001628697286089655,4.904145901063336,-0.2283220983559544,0.9783305472381016,129156,931.7671420607637,991.8379052369078,90152,1247.629980477416,1035.5338680926916,168875,1236.5449652109548,1192.9749055585537,32,30,1843.282554979269,35.3,15.975293424535275,58014,0.8260515119372928,10.20585411150336,4.604609074622501,12.955052275548974,15.150887467861333,20181026_R01-Scene-01-P3-A01_cid_8
488876,0.4102761111950684,0.9091040601542121,0.07213404462373317,0.9019981778507621,-0.4161824821732267,0.1148539450172998,-0.1344351134806557,-0.017942946894502664,0.9907599360693711,139.769389128079,104.40648462667986,62.33984311322314,206.54003157521637,524.5354482138237,1063.730059279101,0.9809687201092288,0.9192141391408033,1,58,136.86126134234448,116.05668103977287,28.82098118950409,944.1453190584116,1002.0,461569987,1033,2313,257.60497814993096,6.572315574222592,0.0009257386242890297,172.17212869849303,0.8642586286917076,654.9749549709118,0.17096455045685222,211.16449253781173,2447.727691185156,7.204044479858229,11.06141835345277,0.00026681109636594446,4.326123318928078,-0.2255497272539953,0.964454837976446,108393,817.8737372339542,1019.8618827160494,78727,1049.267900466168,1054.0358391608393,175106,1068.9149543704955,1078.1357800936414,9,9,1631.7947930354212,24.77777777777778,13.620065082058389,47302,0.9516631307539574,10.498435344718601,7.1357458240842435,8.671104895689677,12.719106226210341,20181026_R01-Scene-03-P5-A01_cid_1
422067,-0.2845970619087261,-0.9585396126927319,0.014363956689851756,-0.8923706557731713,0.25941708983681017,-0.3692930898562285,-0.35025579947786833,0.1179177018070983,0.9292019643396433,136.88671445206234,94.56327004169331,72.47505868643034,196.36834989369285,399.19361141046005,1133.533234490516,0.9848804062920267,0.8706446099532659,1,60,97.33577133488285,102.39665740273463,30.261430057313177,1074.0606301843072,1133.0,453325548,1185,2447,292.29438514551606,6.841529295270611,0.0006427597239613524,186.82283120789882,0.8775487626392157,778.0956656246873,0.15582100555374184,227.01346128903361,2925.559831290852,7.5060364982328815,11.569819704121091,0.00024288458593967657,4.440936173303092,-0.2289299037301773,0.9701845938640037,92067,920.5443752919069,1096.8639937106918,65733,1185.5436995116609,1189.3841298467087,157281,1226.4305605890095,1224.1275088547816,13,13,1870.96154070132,30.923076923076923,16.297529489331236,45068,0.9023092961082392,11.444643628437596,10.289248889610782,6.494332371334605,13.488774209197416,20181026_R01-Scene-03-P5-A01_cid_2
455793,0.5650026892123852,-0.8240082122610269,-0.042218802791636416,-0.8044604985290564,-0.5387847524186106,-0.2501085701602378,-0.18334466855939732,-0.17527537387665856,0.9672968912506864,144.49292308960813,96.72946473833649,77.22350651823771,245.96171409014025,425.92181552554257,1031.8035969466625,0.9711718712006997,0.8164041941057469,1,68,81.00708216229737,98.12827314153574,32.52936311000827,810.1061578391946,852.0,369240716,889,1869,205.4588262451518,6.456610995931571,0.0007372190114334581,189.43190422123794,0.8469183843966436,635.2536975398385,0.1655182945354303,224.1855228707502,2351.5828859381136,7.333044722082215,11.29624578232537,0.00025980791035663537,4.370964563264589,-0.22273002194886468,0.9651544060409878,100925,715.3425613079019,816.0262143407864,71640,895.7292992741485,899.4417910447761,165433,905.6636100415274,903.1222071109385,11,11,1343.4074873985778,29.90909090909091,12.317427014781247,48018,0.8932355180656424,10.39460088275158,11.131581981916899,7.21539625410041,9.206280014034864,20181026_R01-Scene-03-P5-A01_cid_3
377831,0.4466209754381588,0.8936893886946056,0.04299977713116223,0.8918681925084566,-0.4408451057278196,-0.10112724631634169,0.07142010564516027,-0.08351568290141563,0.9939438108963424,131.29660939539093,87.45868774818796,58.99031826590347,182.49790549660952,381.03876942607013,1023.7120958372753,0.9839814763645336,0.8778430604786235,0,56,141.0983270298096,105.89212902064679,29.321747024463317,854.9499432285863,905.0,323026592,939,1857,228.35118789574017,6.5378223069211225,0.0006035801835908349,233.01727744708506,0.8495851367710312,798.0454015266489,0.15003020120705396,238.42398108016278,2959.1643286595113,7.481163838976534,11.537694683414937,0.0002308539198476431,4.526224684313632,-0.22395496387410233,0.9671829323646641,92483,756.5591081604186,884.3243902439025,63207,955.5065419969308,976.710966542751,115830,980.2806785806786,979.2007021650088,12,12,1371.077642630454,28.833333333333332,12.116334245783893,41012,0.9247833225224146,10.825658583919827,9.189244010342856,7.482662288202801,12.041679237372035,20181026_R01-Scene-03-P5-A01_cid_4
345759,-0.9832893129207709,0.16473173779642114,0.0774956879985548,-0.1717913454966215,-0.9804913348677377,-0.09552212236828964,-0.06024832535646649,0.10723897058370753,-0.992406137868911,117.34138823860104,104.81602485039046,58.83890348339748,157.02214958936884,565.7919142492877,682.782089894602,0.9731967658241436,0.9607180335552749,1,57,111.59015672766292,105.63777370943345,30.280209625779808,1015.384238732759,1075.0,351078239,1120,2336,286.9203501719003,6.783503019319324,0.0005908375396999902,226.67014544417955,0.8524649971937771,794.2628265779264,0.15128507224670987,225.49285198574023,2950.3811608675232,7.4987589973190705,11.571445650830201,0.00023078353462658657,4.53172475707323,-0.22406308808190806,0.967431826022782,87463,903.7552450750603,1044.017559262511,59215,1150.2381322300093,1158.1171508903467,98391,1168.2246851846205,1167.143924101736,13,13,1730.2701533664235,56.30769230769231,135.1360480378568,39216,0.9119968491372483,8.981717017252729,4.158463113103696,12.339396354381003,9.857286109468243,20181026_R01-Scene-03-P5-A01_cid_5
398143,-0.7464135881384505,0.6624293721228811,-0.06367167652236831,0.26307853955551647,0.38160253072385913,0.8860977319520025,0.6112744371128402,0.6446447358770815,-0.4591042659770742,122.91218885079564,109.29569725023033,89.17150574396621,208.45214673118062,597.4191040664787,1080.4074484283165,0.9812108598871128,0.9371520941357816,1,98,148.67844467942422,124.10287007432004,52.0789038109423,1533.0544000522425,1586.0,610374878,1790,3158,551.6555707800386,7.680035764235598,0.00016172163504894003,313.7238101433672,0.9107445791807025,1769.0655182739793,0.10355901227010579,252.76934059856455,6762.538262952551,8.368006363684302,13.124591783565279,0.00014881704785448444,5.0209990142973835,-0.22415592246728225,0.9782662452930256,117787,1265.9476342890132,1314.6683238636363,70162,1854.2998489210684,1888.5982142857142,80132,1952.0539360055907,1906.427027027027,17,17,2442.9750755041223,46.0,21.166010488516726,59122,0.6643254663176467,12.408829502878655,15.615584392327294,13.674929925755924,10.832334853422257,20181026_R01-Scene-03-P5-A01_cid_7
687302,0.5169693763317627,0.854260698934183,0.05460148525113068,0.8375756835037815,-0.5179741431903924,0.17369444835501271,-0.17666249839261802,0.044061834308843244,0.9832847585613326,167.52401727208974,139.331423355006,63.260861683219915,174.77672420673932,888.6433696980284,1546.2935487003683,0.9935916370725251,0.9804681074011095,0,56,133.81496925660045,145.54922872332688,28.222647395177084,982.7676741810733,1047.0,675458188,1097,2246,272.34166037324354,6.695245932902154,0.000702041912964018,193.35354608661982,0.8727999532479667,787.9800598165784,0.16167867349138243,226.4219681512945,2958.566693179695,7.4359885996079,11.393092612533486,0.00025002240895983006,4.4153969179344585,-0.2353567291548092,0.9709710692744509,158324,842.7955963719967,944.7931605074463,115444,1109.514232008593,1109.9324391455539,230249,1119.7851717054145,1117.8442996068695,17,17,1643.6169821396775,60.11764705882353,115.46727692953745,64426,0.8774067807631686,15.053538139149394,8.672210262535863,15.007309034847657,16.940953613924005,20181026_R01-Scene-03-P5-A01_cid_8
699785,0.809204656163141,0.5792611721050952,0.09820549340706074,0.5640708413186201,-0.8127268308981929,0.14594240066644182,-0.16435300550338822,0.06270241486268038,0.9844066724440623,149.5438193620112,130.58017711788273,62.072404899476126,196.8970018785371,929.8916058701518,1309.3910795246813,0.988629341726896,0.977325623296447,1,65,229.15958187157483,118.25828361568196,31.80329101081046,1214.1548289831876,1280.0,849647337,1332,2989,346.7063985214517,7.0251611895684585,0.0006671823509781892,155.92554365489448,0.8908290771774511,734.3244550758692,0.16407582038169943,210.0088723924006,2781.372276648584,7.501001584834116,11.444008205559104,0.00025608225067756235,4.353987022188228,-0.2451509011745051,0.975638437356047,152592,1013.6736591695502,1200.5408432147563,114239,1371.4999343481647,1372.8296398891966,253829,1388.6086262798972,1374.8177916504096,16,16,2102.4111435341474,22.6875,14.33404491935197,64232,0.890771409255431,13.03787911546856,4.7824581716790995,16.459003953217227,15.01123618224689,20181026_R01-Scene-03-P5-A01_cid_10
684512,0.9104523324991863,-0.41085010005803024,-0.047736207736868944,-0.41285463726705246,-0.9096983458271658,-0.04472100274377509,0.02505192076231619,-0.060424455989482186,0.9978583498595849,154.38433308367448,114.12676863311047,68.53197146000106,247.98979929079633,663.6859886247906,1422.5572092879402,0.9846878582968109,0.9275676272656469,1,68,144.89000192838108,94.34187859380113,34.6603083656678,1203.5633677714927,1264.0,823853568,1302,3016,330.703629304062,7.0291384642570405,0.0006548543518007674,134.24938396594104,0.896512665639353,662.9340191671344,0.16826021984602796,206.00366289738943,2517.4866927025973,7.491934744228477,11.4151508399822,0.0002683607832549004,4.273868696989737,-0.24730020451983098,0.9763936676254714,141599,995.5272424240284,1214.4299191374664,104644,1329.3059324949352,1347.0296735905044,272153,1379.250987496004,1381.0725503207254,17,17,2086.980871292603,27.823529411764707,17.604261830649875,62486,0.9020698779894397,12.677579199553886,9.35929683787925,15.856846026570002,9.380550519789606,20181026_R01-Scene-03-P5-A01_cid_11
541249,0.23500925556779315,-0.971783519738153,-0.020185156992172083,-0.9677444585908191,-0.23199198584207578,-0.09823635463418089,-0.09078167581750166,-0.04262052639723276,0.9949583800669197,148.54849114637625,125.37147132558468,50.92798975878644,128.06467676747886,894.7110760415603,1280.7554876340175,0.9949882902201673,0.9897031401264634,0,46,139.0141894026594,136.98977180558302,23.64753930261303,765.0076711458128,811.0,414059637,829,1764,207.31379926269068,6.399146750490545,0.0007191868885524277,204.55184934046736,0.853786067613427,732.7946733509374,0.15930747329511458,224.4756446037701,2726.6268440632807,7.359103712808111,11.297695626685558,0.0002449517180621278,4.439886205352945,-0.22817592798278283,0.966810297200435,137766,684.4778464933293,801.3702046035805,100392,857.32643039286,865.309766327142,143539,870.6075422010742,864.4944469124833,8,8,1313.7623669718782,25.625,14.91591012979094,53096,0.9058919480501354,14.121259372219592,4.918181354181798,14.062469140184826,17.302988038245672,20181026_R01-Scene-04-P6-A01_cid_1
426041,0.8255698202874246,0.5633718504316451,-0.032351661036392525,0.5640428168601832,-0.8255669785253371,0.017171625344599813,0.017034452706784345,0.032424097670856904,0.9993290275535937,140.2011477656847,101.8786246179174,48.198943226959415,135.06866895948974,569.1510304918482,1171.0094696087172,0.9933256315944309,0.9714324973756729,1,47,146.75806553829327,86.40574029260095,24.196178302088295,846.870125175746,900.0,360801395,938,1879,244.9044554614854,6.5738255708981885,0.0005884693027646504,239.13981480745406,0.8627088912709878,906.50616752083,0.1505051392929184,233.69310527577895,3386.884855275872,7.539574012956394,11.556508162971314,0.00022572957173641638,4.558171112879108,-0.23474640368732833,0.9721186997941422,108586,743.0253900134455,909.8775665399239,77583,963.8178209143756,987.0470890410959,113793,985.8657035142759,978.3809917355372,15,15,1403.5440949586462,21.0,8.988882021697693,45548,0.9020374431737824,12.712676791417053,7.51405844517648,15.02184211042975,12.372757954080315,20181026_R01-Scene-04-P6-A01_cid_2
912454,0.023369057528516913,-0.9980248189375269,-0.058312502389670846,-0.9971439114478694,-0.027459203507688597,0.07035632171430747,-0.07181857011019273,0.05650179578951327,-0.9958160673838756,172.09778895484658,137.1165139164184,66.7496291270372,238.33480869587572,1048.682577311656,1636.8107096940842,0.9893421759829933,0.9738316257469893,1,66,167.02448561790513,245.10310327972698,34.893327225262865,943.0541572506669,975.0,860493538,953,2562,264.5748734805597,6.76646538165861,0.0008019523663846195,128.5942142758428,0.8878624520121196,588.3605106148352,0.17950431119750196,189.8757575401408,2224.8478281834987,7.357433296642733,11.160163947978239,0.0002831824000789734,4.220274770318036,-0.24916701847960493,0.975240095208884,183013,782.2953997803435,937.9147504206394,141077,1037.1918810295087,996.386943620178,371604,1075.2495344506517,1046.5316089708526,41,41,1710.556768116329,31.926829268292682,76.15145058718072,74600,0.9148421793432462,14.579958897944264,6.829346445244695,13.02454340043399,18.812666145657612,20181026_R01-Scene-04-P6-A01_cid_3
494167,0.7754422702540185,-0.6301467195363345,0.04005492929577951,-0.6240101247332327,-0.7744895846659153,-0.10381352259909764,-0.09643987626344327,-0.055506712221270876,0.9937898948795348,145.6683779982735,113.42692133203768,59.53325322522996,181.1868879353118,577.2679118404486,1153.268051301463,0.987581531026467,0.9494660770148801,0,59,75.504631025544,98.72990507257668,27.121380019305214,843.4821487472858,893.0,416821043,920,1787,225.08220559632292,6.550880581930159,0.0005653645435191967,228.4004659897631,0.8607105753289593,845.6989727031092,0.14878749900101737,244.25423238970228,3154.3954248226696,7.539624893197598,11.661278474341612,0.00022771891179257617,4.538470536506013,-0.22421131871017422,0.9685762077500317,115650,741.3267358408992,904.290059347181,82900,943.9821471652593,952.0798668885192,161251,959.7851362162095,951.8716592049925,7,7,1425.7699801100891,29.714285714285715,10.151907431108496,50728,0.8940929909057912,11.830899342406665,7.267806998567616,12.52767529171222,11.30982471348231,20181026_R01-Scene-04-P6-A01_cid_4
629847,-0.261213661653308,0.9649894513675623,0.023723020781557913,-0.9634781886335012,-0.26214838714617894,0.05466263023459981,0.058967813196515104,-0.00857798729234992,0.9982230287570175,141.17971141669477,126.57787420075324,61.00192209500381,203.0259643490936,866.5715737660761,1083.7982856045007,0.9822973844963299,0.9721676123793275,0,59,142.617410259952,133.44617184808374,28.94709350048504,1041.6017461383478,1082.0,656049735,1094,2586,287.51042548619233,6.88279659118047,0.0006356893925518703,148.01266153568528,0.8885390746265283,681.1359010810318,0.1652615341981899,207.97254584092963,2576.5309427884376,7.511020140806305,11.428592096825318,0.00026005152102989357,4.32518297300094,-0.24908327268933908,0.9771253172500013,136689,873.0008925370732,1038.0708390646491,101983,1149.293656785935,1141.3910060975609,230917,1206.6253199201444,1209.8655335628227,28,26,1751.1332014047236,39.57692307692308,94.74344835352554,57692,0.9240027370577089,11.421568716716008,2.8483540590868914,12.473200265161447,14.396195336585256,20181026_R01-Scene-04-P6-A01_cid_5
471784,0.9011778845704287,0.43020991704376954,-0.05289468440552577,0.4310005323623103,-0.9023428290063776,0.003995002399510167,0.046010449514998684,0.02639784494916243,0.9985921050746734,121.11611531458534,105.39482445165747,64.69666567301623,230.927230468586,588.7680278766162,782.1550360472614,0.9554216296987944,0.9198709834148237,1,63,106.13083953673716,72.5299819408882,33.862297152934396,930.6601686364946,971.0,439070577,980,2078,232.75397803926427,6.611069098553607,0.0006508607912608692,183.90841656198134,0.8600640939096061,672.1939385143655,0.15714401753974533,231.1831951471309,2504.867337495475,7.426377363473593,11.411431164773761,0.00024983121787568413,4.388125680168952,-0.22869634553332974,0.9690274449686505,94748,812.7397623168827,1018.5274555297757,68901,1002.0810583300678,1005.8923487544484,197254,1040.1120180072394,1039.9308165641112,7,7,1534.0893126077915,103.28571428571429,168.0414186066844,45134,0.9705490851864136,8.010917095540263,3.4910580343999382,10.225972534636194,8.712473804312094,20181026_R01-Scene-04-P6-A01_cid_8
488857,0.7470252643497143,0.6647282088322258,0.00946904461601613,0.6647441224068303,-0.7470689241915213,0.001809484151951862,-0.00827684413364596,-0.004942761376356297,0.99995353040087,141.2955205521756,108.40744764321359,47.9136529683458,162.5523211336332,631.4457736092979,1166.8001500654607,0.9902481690311151,0.9662972722396495,0,47,121.13956433067338,73.1302037201063,25.014556404019988,912.155622196266,950.0,445913661,950,2085,221.23666444786633,6.533427789963622,0.0007410481082430202,172.2238922354406,0.8545718541210809,606.9722234071521,0.15974516477653744,225.67314609635577,2255.665001393169,7.301175122329803,11.290645119249938,0.00025260839054799106,4.378178890997155,-0.2143948902434154,0.9600171821048046,91228,788.4482614986626,989.4442825928624,75649,972.1326124601779,1018.5323505323505,211515,1006.2843675389453,1014.8846982758621,14,14,1518.784110853646,24.357142857142858,11.126590691139997,46564,0.9544955856100032,12.324062425605526,7.051456578989097,13.866455232263426,12.653964139512512,20181026_R01-Scene-06-P8-A02_cid_1
500835,0.9954212238287318,-0.090922311309455,-0.029491023336883134,-0.09148118795090569,-0.9956407055888321,-0.01818729297239372,0.02770883257015878,-0.020801891277457678,0.9993995707007682,187.22486534446875,98.63621680176358,48.22165889873714,126.6474572432837,506.05788593375036,1987.758592624236,0.9979682180638862,0.9681779470326637,0,49,155.40731178931185,94.50111713438558,23.388952449409487,1068.4727744666407,1151.0,535128562,1202,2682,331.37877541276896,6.954271737584618,0.000623619378009103,186.27168518795833,0.8857419255699064,840.5729569427396,0.16355543429149128,206.602614986192,3176.020142583,7.543407022083041,11.554076494797261,0.0002446394386255988,4.446159729832641,-0.2418290727650976,0.9741787812781575,133165,927.5632636203206,1070.7099697885196,91069,1238.66005995454,1219.8566176470588,124989,1250.26005488483,1255.4405379896177,19,19,1888.7419904769263,24.894736842105264,12.965114069127383,52694,0.8685841572301489,18.265898166387984,15.06002079787,25.08503301719338,10.233994412325053,20181026_R01-Scene-06-P8-A02_cid_2
600401,0.7813385393996003,0.6231443436787137,0.034658531274771545,0.6239896470011044,-0.7789067398304251,-0.06277906563636852,0.012124656050194624,-0.07067826814491329,0.9974254734704244,148.2277243898198,121.85370524026324,54.81904579655249,175.3498156662702,811.3945203390617,1286.2630170269697,0.9906641672548954,0.9763692008371445,0,52,155.03322945831204,160.46400822117218,26.82371281859957,879.1678111795284,928.0,527853233,957,2102,233.84047493215724,6.52773926833782,0.0008058336227288684,169.68877284349472,0.8668042251386362,663.0488109819053,0.16697070807600367,216.09112107101848,2482.506471084125,7.284433857800516,11.185222735829727,0.0002602170896763192,4.349177036197602,-0.22720873013848933,0.9661392161538966,137040,767.4212200817279,905.6081632653061,102389,974.6287882487377,1011.426119402985,201338,992.2156721532945,998.2857919930374,16,16,1514.6969418689798,50.5,121.62185247725837,54648,0.9439622213864092,13.31421388015171,6.395146788227175,16.357996898758508,15.60309488670918,20181026_R01-Scene-06-P8-A02_cid_4
525158,0.6552533517361203,0.755331001020063,-0.010868483638941693,0.7512152868064138,-0.6530620162735375,-0.09584151380847089,0.07948986040331374,-0.05463590210448568,0.9953372696198465,148.12359674389612,111.7340264177917,54.30914145134484,148.3719863606461,693.0998418988725,1319.938324550614,0.9936621057281987,0.9768182898309232,1,50,157.91945471648532,131.55329062872508,25.499910503124774,957.4868953724402,1009.0,502831903,1038,2329,262.3216246809919,6.671995953789637,0.0007342880256765957,184.70787430626126,0.8600983208071589,682.4369154483395,0.1619529920934508,212.5832495054748,2545.039787487104,7.341956608020565,11.299680355307519,0.0002514201218530726,4.396468824298755,-0.2254128639494621,0.9659452491971626,117896,834.3312326117934,1011.2001316655694,89619,1061.7817203941129,1072.46992481203,178821,1081.8594516304013,1105.4660205511443,12,12,1650.2870784437039,66.33333333333333,135.32697029376254,51162,0.9197530969854629,13.509993233078601,6.960046463223834,14.37928728363329,14.991167172093023,20181026_R01-Scene-06-P8-A02_cid_5
531018,0.04814221422599058,0.9986601647121425,-0.018979004887907727,0.9980875671316192,-0.048834868900493614,-0.03789939203677515,-0.038775450309498666,-0.017118148164681622,-0.9991013129091101,141.27213695777164,120.00299736946056,51.7653360115965,157.12284009815812,802.5658961093449,1100.2525474278307,0.9897506761732506,0.9806487161905906,7,58,94.26154668956607,89.31808526264646,33.32985699166507,915.8423311450836,968.0,486328763,968,2268,254.75690445348167,6.597781324229958,0.000818114981638384,183.27848843958003,0.8579958193941148,671.1298283072861,0.16586158095292844,208.93864255779866,2501.240824789571,7.268292631836593,11.198204948849893,0.0002545677605900005,4.392915239913082,-0.22160204799539673,0.9630185355061116,126837,819.8379021894242,1025.1859971711456,92678,1020.2113770258313,1045.2568735271013,163969,1024.9944318743178,1013.1156995788489,15,13,1606.9852251068403,22.846153846153847,12.817332938979115,51068,0.9312067873871784,12.299279560872025,3.583118854538888,12.730347937306405,16.619664684617465,20181026_R01-Scene-06-P8-A02_cid_6
473375,0.39656661542720717,-0.9178025124107198,0.01932531348206989,-0.9151516769470178,-0.396904757685577,-0.07045581244734016,-0.0723348305429061,-0.010254830038772719,0.997327684741181,137.02418713928625,109.6263881545324,56.889900716925354,173.34593652159475,632.0576832640683,1026.570503192084,0.9856401726687188,0.9616565732221172,0,55,101.44375811988381,99.45574438869818,26.79050013203063,869.228888302086,909.0,411471225,941,2021,230.96355422421902,6.563343250367088,0.0006911988296775127,200.9524783098347,0.8517558946365849,697.563991744444,0.16002382259848413,222.47403238185444,2589.3034886679407,7.404443186602216,11.359552949728313,0.0002492987946731542,4.42403999823125,-0.22919256324121484,0.9683747050743783,108017,772.8992565984984,930.7636363636364,79275,951.4072784610534,977.882911392405,159030,985.7960259070616,986.7570041608876,11,11,1522.2164802752077,67.0,141.8853570508759,48430,0.9074930432798969,11.27271142892867,6.690943956439823,10.910874944875829,14.029947679192748,20181026_R01-Scene-07-P7-A02_cid_2
508637,0.9794910997977266,0.1992508314067485,0.029938129546771098,0.19908560121997082,-0.9799458252737883,0.008432254464649418,-0.031017878778578867,0.002299067679133312,0.9995161857038054,150.94248882094604,132.10407752887974,43.92231082421463,106.81253564256444,997.969647927827,1201.8364102513924,0.9960428375594057,0.994255808387884,1,44,162.83130601981372,82.03199138088657,25.220056739875393,945.0996840575892,999.0,480712668,1044,2731,282.31875673314903,6.740565784584525,0.0009535619743347697,149.69766358671464,0.86544826029347,581.0578377539856,0.18268836990774298,179.27078441917905,2174.5336874292298,7.217476064981331,10.995403929933133,0.0002810204064813317,4.272874674430823,-0.2370026960769223,0.9677474390125771,135198,847.0900679004127,972.2115262824573,98534,1068.9593135364444,1070.8501243781095,118174,1095.2726403438996,1090.9214121870948,14,14,1831.311488021985,20.714285714285715,12.144537698832645,52860,0.8735681155140361,14.512041690587951,3.2312070709312093,18.493225249695712,15.84547717794514,20181026_R01-Scene-07-P7-A02_cid_3
638640,0.3794843663410062,0.9251980075918576,-0.000512299543417704,0.9197600032883313,-0.3771938207621644,0.10847284420484815,-0.10016562311399084,0.041634941178021856,0.9940992805647173,165.39186123516717,126.96712262362924,59.000704300038805,175.57429913094543,806.8352157859438,1422.9924420374869,0.9923590193500832,0.9760361098975779,0,57,130.9141770011274,103.33942283602656,27.435848052110735,850.5918451709883,903.0,543221976,940,2068,229.28843667458355,6.50118803035267,0.0008127779489618621,176.20613124346167,0.8592691847062343,648.7677990565425,0.1676017481843696,212.82356109090415,2418.8650649827073,7.256440885603608,11.164060619483395,0.0002613981517854558,4.351255905801559,-0.22381329119733942,0.9641847208482227,143819,738.6584804511226,900.395655036208,107519,948.3561603065505,996.4548762736536,217927,964.3631766600743,958.7285527506789,15,15,1488.38490309255,17.266666666666666,10.036378275498034,61014,0.8812068182334942,14.035954336676578,7.031903343625235,13.420840121544398,17.47743955953298,20181026_R01-Scene-07-P7-A02_cid_4
623889,0.7498309639132094,0.6590243052159102,-0.058655696157102206,0.6550575833079957,-0.7269956527624585,0.20585646313675757,-0.09302197647693732,0.19278040875351835,0.9768227197875521,159.42691784865372,125.48312057200964,62.69290682325378,183.86474477257943,781.3299109514637,1386.5987731116704,0.9911694637047243,0.9719172692941707,1,60,119.24141634168899,114.14178323387654,34.52495075245757,1026.0656174415642,1079.0,640151052,1127,2593,283.87596199159736,6.851914290606809,0.000709667328963996,135.94020791625604,0.8955071254332422,665.0817095586209,0.17194563709202887,204.33041386673736,2524.3866303182244,7.446434246315629,11.360816666499375,0.00027256116168301777,4.267638811191995,-0.24434218260378787,0.9747140189315887,125995,835.8304773998968,830.5632250580046,94421,1130.1529003081941,1161.2739513205593,255721,1177.9280700450881,1198.2220259871326,14,14,1969.0604034891846,24.142857142857142,12.855555457561877,60110,0.8764201684746294,13.873077488701222,8.690789544734269,14.317926752150932,15.288681880925326,20181026_R01-Scene-07-P7-A02_cid_6
605784,0.8534598279246941,0.5203617780586913,0.028808714902764706,0.5176952700024026,-0.8401296331108025,-0.1617832098403541,0.059982743650915535,-0.15298960587146204,0.9864057233002063,153.82288101985233,121.89846878785002,59.70452075090168,172.3031823522866,775.8289707445107,1328.7996878415624,0.991557428870637,0.975026367665311,1,59,137.67961022410628,121.08519208166608,29.59555716228887,954.6552946264675,1007.0,578314903,1022,2169,248.5595963731832,6.626588591241933,0.0006945677841706905,194.9794000602176,0.8549349317957292,698.3256144108914,0.1573958854533172,227.47729542159462,2598.3230575833504,7.371478640395979,11.36897533102782,0.00024575385995813213,4.428391987761789,-0.222994486757339,0.9654726926446664,139839,848.6929969464885,1012.9980818414323,101781,1046.8555820831,1043.7701005025126,201241,1083.456795583405,1084.8530857454944,15,15,1615.1801994253308,19.733333333333334,8.314378442727326,58584,0.8871309126278828,13.235104479137224,6.026211239955907,16.117885159245034,13.30977400609649,20181026_R01-Scene-07-P7-A02_cid_7
441490,0.30564786034531166,0.9417654454687358,0.1402042481075608,0.9391181668833029,-0.3224541748705379,0.11866075062254405,-0.15696003980656262,-0.09539995193727495,0.9829864673912292,138.04639864285457,109.24799569303406,57.91142965136366,147.31588546885746,618.0143250357909,1107.6699291737661,0.9911165482515676,0.9711744894930887,4,64,115.63056467870167,124.41867539468618,30.020265464676438,887.137910258443,938.0,391662516,979,1933,242.80229775133338,6.665864767594011,0.0005229385530380657,226.2688465190499,0.8610302485474413,841.933627888316,0.14699784081528236,237.82160912975027,3141.4656650342154,7.594866043695257,11.705903715370109,0.00022619668084572711,4.54630427829945,-0.23029526640979514,0.9715909161400306,112243,779.1089332965084,896.7745583038869,78415,1000.1202193457884,997.6256439610761,120495,1041.0406406904851,1038.5838387149647,10,8,1515.1874021709941,30.5,25.971137826441105,48292,0.8716123186662585,12.18502766284011,5.309048564946703,10.962246406812506,15.12127795577039,20181026_R01-Scene-07-P7-A02_cid_8
719089,0.9628726886428158,0.2676768430073132,0.0350041880836155,0.26149876839975317,-0.9570354907892632,0.12530548070681588,-0.06704162580939689,0.1114996730371533,0.9915005009184014,160.12942719724825,133.96661987960903,62.07149774530753,203.4550686099005,917.2659873037396,1382.893222781755,0.9891182403033699,0.9750908231246133,0,59,283.8895185436017,90.08992767237436,30.706976466056357,984.1873662370026,1040.0,707718309,1102,2191,263.302116405723,6.738150995161753,0.0005757642118725428,177.28732845378156,0.8828937511476975,780.415776483888,0.15537453847151747,232.08556665442606,2944.3757774817673,7.536571189220127,11.536794349450824,0.0002442618498602745,4.412357617131746,-0.2395245482994467,0.9741355209783689,153470,825.7783736235094,955.8109324758842,117721,1101.287952022154,1146.48033126294,266897,1118.0035819061286,1114.743090696769,12,12,1618.8748231567613,25.166666666666668,12.48220956223519,63534,0.916032064653593,13.545168076290858,5.928560051092656,18.48132248854945,14.015907741495946,20181026_R01-Scene-07-P7-A02_cid_9
638836,0.9244117520908873,-0.38045694613837244,0.026747424760514348,-0.3808499228791271,-0.924566899196388,0.01137475948488552,-0.020402177315639435,0.020701716002292595,0.9995775058069993,170.12684113662854,115.60456906507274,52.626202993114084,158.18182837235958,762.6716667934924,1671.0693399324946,0.9955097514038451,0.9782551886939505,7,58,156.2406235716209,112.53017675898039,33.46325661046028,725.4103463173647,771.0,463418244,783,1634,186.3750573723724,6.181921682006469,0.0009245144481107134,205.64119208749037,0.8389732942096818,670.6181970762144,0.1649270762438257,229.69475275233287,2476.831596217363,7.118401998481065,11.028998644909437,0.00025475969363831775,4.3901311135045695,-0.2075944031254925,0.9533634878937914,145836,647.4235305411559,785.8719550281074,109271,803.749238132716,821.4896507115136,212912,806.7983345231833,807.2080683436166,9,9,1171.5347977801302,20.555555555555557,9.719523434946238,59786,0.8985543899378082,15.641901675723727,9.80296945616296,19.11271810658523,12.871855633877894,20181026_R01-Scene-08-P12-A02_cid_1
424551,0.7474627934986146,0.663825337878347,-0.025205021839821894,0.6615604188970811,-0.7403955553544302,0.11896316135730248,-0.0603090746402721,0.10559518171821836,0.9925786987004761,144.3031218546702,100.57083551251563,52.24722901395212,134.4893819318685,524.997904930661,1258.559772022215,0.9942741040292232,0.9666314078248369,7,59,100.5466269070147,127.02179007940153,31.863319130092734,899.2258880558519,957.0,381767250,973,1780,240.1247443652477,6.516548358221102,0.0005689770919516229,286.8885645898008,0.8419245328533975,950.8677846330902,0.1399658821429592,261.873781229641,3516.5825739425513,7.497809896258078,11.671175561455831,0.00021172630877743724,4.646934237204591,-0.21074733584073282,0.9613855788047375,109532,811.1989738158711,924.2784810126582,76502,1008.2695746516431,1014.1011608623548,112130,1029.5069472933203,1030.7452658156824,7,7,1509.9277930489309,24.428571428571427,11.399964196148574,45654,0.898247595282975,13.1297062193332,8.303943359181709,13.78865103548298,11.959888324040408,20181026_R01-Scene-08-P12-A02_cid_3
