dna_volume,dna_shape_1st_axis_x,dna_shape_1st_axis_y,dna_shape_1st_axis_z,dna_shape_2nd_axis_x,dna_shape_2nd_axis_y,dna_shape_2nd_axis_z,dna_shape_3rd_axis_x,dna_shape_3rd_axis_y,dna_shape_3rd_axis_z,dna_shape_1st_axis_length,dna_shape_2nd_axis_length,dna_shape_3rd_axis_length,dna_shape_1st_eigenvalue,dna_shape_2nd_eigenvalue,dna_shape_3rd_eigenvalue,dna_shape_meridional_eccentricity,dna_shape_equator_eccentricity,dna_position_lowest_z,dna_position_highest_z,dna_position_x_centroid,dna_position_y_centroid,dna_position_z_centroid,dna_intensity_mean,dna_intensity_median,dna_intensity_sum,dna_intensity_mode,dna_intensity_max,dna_intensity_std,dna_intensity_entropy,dna_texture_haralick_ang2nd_moment,dna_texture_haralick_contrast,dna_texture_haralick_corr,dna_texture_haralick_variance,dna_texture_haralick_inv_diff_moment,dna_texture_haralick_sum_mean,dna_texture_haralick_sum_var,dna_texture_haralick_sum_entropy,dna_texture_haralick_entropy,dna_texture_haralick_diff_var,dna_texture_haralick_diff_entropy,dna_texture_haralick_info_corr1,dna_texture_haralick_info_corr2,dna_io_intensity_outer_volume,dna_io_intensity_outer_mean,dna_io_intensity_outer_slice_mean,dna_io_intensity_mid_volume,dna_io_intensity_mid_mean,dna_io_intensity_mid_slice_mean,dna_io_intensity_inner_volume,dna_io_intensity_inner_mean,dna_io_intensity_inner_slice_mean,dna_bright_spots_number,dna_bright_spots_number_used,dna_bright_spots_intensity_mean,dna_bright_spots_xy_cross_sec_area_mean,dna_bright_spots_xy_cross_sec_area_std,dna_surface_area,dna_roundness_sphericity,dna_roundness_roughness,dna_roundness_roughness_xy,dna_roundness_roughness_xz,dna_roundness_roughness_yz,cell_id
4296404,0.9272400094918946,0.3728009518374184,0.0352904393084911,0.3608493397990638,-0.8643583065371697,-0.35024630174603677,0.10006857031081794,-0.33749691588118397,0.9359925817049182,348.56760633499744,185.88014586794782,128.03800761463586,761.3297036798242,1607.5425680311782,7481.039903069019,0.9948081699473814,0.8807408741768317,0,122,157.63488768747072,117.22760010464565,59.16258619999423,11287.499836142038,11821.0,48495659446,11981,14748,2040.513184858273,7.956122865606242,0.002869925642354336,220.39442398904094,0.8431407006855345,739.7502467808998,0.3359001027436145,377.27943820580214,2738.606563134571,6.713505184799735,9.349578345050386,0.0006373408213786818,3.1169263592749448,-0.3601021659813061,0.9891698690602996,487435,9281.334666160616,11384.288941335131,412402,11730.107780757611,12014.092276144907,2796985,11946.948898188586,12008.039164983165,1,1,13150.574123989218,371.0,0.0,213090,0.8980514134462964,33.48836134296665,33.72000218010289,35.71492132562352,11.69103032571491,20181023_J01_010_Out_seg_0_cid_1
7382204,0.28919201477704193,-0.9565404282851562,0.037395021663921314,-0.9511442997578258,-0.2915344066673781,-0.10164748283796829,-0.10813186222104358,0.006172421336032257,0.9941173982923042,330.78943989436436,270.26999800727384,154.86655495289955,1238.6828227999972,3749.623928391877,5606.454644808191,0.975287695560112,0.9438590129845009,0,144,136.19759166774583,158.68014457470966,69.33094398366667,11303.545146273389,11744.0,83445076193,11822,15681,1899.241201225767,7.8541157253055935,0.003159596867106926,137.76860136155435,0.8426271401415255,465.6003767441152,0.34364648418089977,336.8927488643167,1724.632905614907,6.557268987302281,9.14893432426261,0.000665642270381172,2.9972666426583308,-0.3517052257171835,0.9867531967874995,685224,9055.037761374382,10827.209205020921,592695,11643.606893933642,11995.0815625,5259455,11851.998077367332,11883.980213951021,11,11,12995.713738021843,380.90909090909093,124.49494662650847,285596,0.9619613820785334,23.08027661189118,11.758248303217755,21.473855850816072,29.97537292257037,20181023_J01_010_Out_seg_0_cid_2
8319876,0.9513858740792211,-0.3073501559243356,0.02001999639866967,-0.304236272416362,-0.9479006019506969,-0.09447083871599547,-0.04801259364701374,-0.08378741238869428,0.9953263084920912,404.2906090163472,278.12818498115666,126.54130405215089,876.9117248638237,3955.8199968901063,9942.517222367778,0.9961029487814739,0.975120298907634,0,122,206.3676557198689,152.83789926676792,62.210515156716276,11149.482835321103,11632.0,92762314654,11715,15267,1979.8135526790163,7.8702431412055285,0.003031539435685653,157.80323327889423,0.8481882274991441,557.0549838443364,0.3378277315118989,342.5569736722146,2070.416702098443,6.626402917209045,9.248908391112405,0.0006477404403773113,3.0554040106249394,-0.3537556932670633,0.9876614650596692,834312,8815.385973113176,10887.437958049028,732557,11519.844036709772,11865.550197628458,5724804,11760.076908659232,11801.729252155317,21,21,12768.10897166517,330.0952380952381,83.42028117105333,332730,0.8939096771337015,38.15917141413989,24.73699880952147,48.34270402117456,28.53597381876028,20181023_J01_010_Out_seg_0_cid_3
4238008,0.9983491208242637,0.05263291352614441,0.022995855347624865,0.053977243295071906,-0.9965913992030581,-0.06238621835594308,-0.019633903220809063,-0.0635244791260835,0.9977871267941251,328.8904932723017,181.21087528704643,114.32378893371225,749.4800841400838,1787.5028481950578,6493.903598663123,0.9933176069564684,0.9078528664761323,0,108,162.9556046142433,92.09641793974905,50.28132934152083,11245.436705876911,11757.0,47658250723,11822,13889,2013.5962983349275,7.898122662292235,0.0017978000103789067,229.96116832774985,0.8261653857088007,713.066243804449,0.28001749744727883,384.0452195059506,2622.303806890026,6.947590114638402,9.924895750754187,0.0005217439740603526,3.3580792600060696,-0.32845329313522115,0.9867447871852215,457098,9147.722847179379,11392.566789667897,397512,11626.613251926985,11977.928767123287,2819459,11878.650359874004,11943.065280927185,8,8,12414.689028024779,521.375,7.857122564908861,198640,0.9532831109121078,29.813126937822197,26.389971396662503,38.48084655850946,12.041528065359982,20181023_J01_010_Out_seg_0_cid_4
4440528,0.11361432341164715,0.9933109417313755,0.02061937323106423,0.9934868194355551,-0.1137672723364106,0.006399011873530074,-0.008702018360030954,-0.019758056125570463,0.9997669198841299,303.7058077581516,229.30434723001244,105.6243803447319,695.8596828063854,2743.991490322824,4984.254555522,0.9902063447053724,0.9673107570779017,0,104,115.49861097599205,151.62103785856095,47.68721737595169,11002.574470648535,11511.0,48857240009,11546,14829,2015.2825604154953,7.803550385979945,0.002862558536869759,178.69056909436338,0.8208109826954589,539.6571567034068,0.32754163524773655,345.87739372170705,1979.9380577192542,6.60906981401802,9.289616128218976,0.0006251730318540497,3.107843836838706,-0.3402489682867799,0.9853190992426898,485559,8889.124203237918,10959.176470588236,419144,11487.35647414731,11863.080910683013,2938697,11611.702144862162,11653.663514486861,3,3,12638.221599501785,451.6666666666667,90.29334908446407,203980,0.9583195510308694,24.71762696570376,14.098085943231531,21.325562822208397,34.22526795861778,20181023_J01_010_Out_seg_0_cid_5
5704860,0.9945466075697309,-0.10412506023066521,0.00591753356561294,-0.09403064219145024,-0.91978256768915,-0.38099641271830564,-0.04511411863932717,-0.3783622602838638,0.9245575786787334,289.3052562017442,236.17603296002284,162.93425362587473,1243.2399897378832,2601.310991771141,4752.433025748822,0.9651761774711827,0.8783988816581974,0,152,142.9381821815084,102.45833307039962,77.13345252994814,11430.696886339016,11862.0,65210525439,12009,15088,1842.7047813512438,7.858593061762106,0.0026203555749042626,155.40259571089288,0.834252255192575,496.0343608462116,0.3176425304127435,355.23415167803336,1828.7348476739503,6.666231712914956,9.424602091643024,0.0006068164431474016,3.131686486300414,-0.3355099040465793,0.9853209478241312,547251,9490.982865266578,11302.071044133478,473638,11764.796158669702,12000.844614264919,4006488,11948.808209084864,11974.03490738594,8,8,13086.986457773954,307.125,129.97060965849164,233712,0.9895806300699029,19.412696381820027,15.474113228522393,25.175834017617465,14.354198469297241,20181023_J01_010_Out_seg_0_cid_6
4579804,0.5101896863247005,0.8577787151899142,0.06262714854632755,0.8545757762768817,-0.5138010543199621,0.07555606647027323,-0.0969882805738307,-0.014971718232588553,0.995172910144009,281.5726755337787,242.01534470005197,123.38623844227868,787.8389865902209,2951.099479807024,4364.086577547765,0.9835698807431701,0.9637063460681219,0,117,123.37275700008122,132.32606941257748,55.12940728467856,10988.382049100792,11505.0,50324636062,11562,13751,2027.395024013366,7.836257216056783,0.0025132024623474966,229.74845772939926,0.8286233688707019,717.7706581007325,0.3163557177933154,389.6012965422787,2641.334174673534,6.7380607441545095,9.492011734216547,0.0005976574249541171,3.18942091369221,-0.3415970509551762,0.9867433091263902,512062,8868.88857794564,11061.415434547422,440888,11466.766915860717,11792.400513950073,2996498,11634.642726609529,11674.10085570273,5,5,12290.14896447648,479.2,27.55648743943974,211574,0.9443812074327835,22.09753188951459,8.463752472741271,25.059651406719986,27.458896241251363,20181023_J01_010_Out_seg_0_cid_7
5826768,0.5643880027344408,0.8229050833096925,0.06552408894823887,0.8212129866016439,-0.5677668486819685,0.05700908852591186,-0.08411547423772374,-0.021633987168684532,0.9962211389008708,296.49060246264196,256.3185170290293,133.13284239238337,969.5831633834409,3421.8752039214182,4915.862060224764,0.9803561114309355,0.9590170147821354,0,126,140.0249222210323,143.55657887871973,56.818744113374684,11600.629332590555,12074.0,67594175775,12209,16418,1997.8711577931958,8.079279568851064,0.0023725977338308188,137.09754938886107,0.8558216396348737,503.3487135230316,0.3230387726926916,327.1120461890792,1876.297304703272,6.82105865040185,9.549116748859962,0.0006150301795337751,3.11938314608581,-0.357358007417686,0.9897621504753513,544513,9298.911482370486,11077.419589675712,469724,11986.625437490951,12505.25919500347,4139350,12165.714148115043,12253.348296831984,10,10,13592.586835059463,347.4,84.05617169488508,242480,0.9662488713190631,22.681593503155316,8.49934546717795,25.409477352142886,28.80984835306676,20181023_J01_010_Out_seg_0_cid_8
5400592,0.5396950515389407,0.8416127390428103,0.02042666946025168,0.8109306185845593,-0.5262301181254473,0.25587769465067045,-0.2260990561378887,0.1215313139011346,0.9664933298036876,306.4758214399697,261.56543510775964,125.55169544015699,784.4805412321914,3376.5967940519986,5192.923385323199,0.9885234911791668,0.9726373157338876,0,126,140.0810607429704,150.12671944112793,58.940328023298186,11201.992859116186,11704.0,60497393019,11816,15716,1993.8317221881935,7.930223202778631,0.0033301921285365773,166.26072157477776,0.8525295868623665,597.7137762402504,0.35482288756909763,340.0127428774442,2224.59438338623,6.614706839133325,9.150269077432513,0.0006833040407933112,3.000848191106817,-0.3670237235098052,0.9892759929983168,542149,8997.211779418572,11154.539260220636,464162,11585.608065718434,11868.445472571051,3726713,11798.84475139352,11867.872872272006,10,10,13570.875233499293,268.1,71.79756263272452,241196,0.9235491255027926,25.2549583490015,14.669348020773176,26.56975627066654,30.202963102436357,20181023_J01_010_Out_seg_0_cid_9
5042940,0.8202866295189111,-0.5634474422440936,0.0982691470457211,-0.5562398863260504,-0.8258844884402197,-0.09226050408392128,-0.13314290928354816,-0.021018838750645523,0.9908739446191364,320.32670331290376,227.08813821588265,135.8940194073544,902.2770417081383,2536.1128411767463,5408.664507102087,0.9859872533470804,0.9345729160468916,0,126,155.6353155103967,127.7779783221692,56.52903425382812,11144.379833192543,11597.0,56200438836,11654,16076,1904.3016362002966,7.811070751240695,0.003915097075275608,148.53091034763875,0.831706187710133,467.56075469000194,0.36339875228354024,324.30245961580323,1721.7121084123635,6.418572957423735,8.904115953284768,0.0007077092126668046,2.9379477293451504,-0.3532854309001566,0.9856119061277853,491552,9116.17581049411,10752.58441091954,428065,11509.188443343885,11818.442342020708,3513592,11684.33551277439,11756.242695179279,7,7,13361.154616476368,302.42857142857144,132.40398908843576,223276,0.9524871242372427,25.057250396619473,17.632488107392874,27.42072487497099,21.416371931075265,20181023_J01_010_Out_seg_0_cid_10
8136092,0.4261188040161918,-0.9046542154818158,0.0048492550758455575,-0.9043593012006986,-0.4258278109386014,0.02837128412714221,0.023601254110621313,0.016475006592397076,0.9995856916553909,368.1281101073772,325.7482532287519,114.49215188085225,795.396519127268,5331.485649895914,7683.951969809609,0.9946279978445127,0.9888087690892963,0,113,173.67048430622467,182.70608518192765,56.52617448278608,11806.107373417115,12354.0,96055575752,12530,21268,2270.404671183415,8.260725051935983,0.0032593233453205236,75.12975759120773,0.8799178094407876,333.2404142312252,0.36605484323402043,237.1045648340955,1257.831899333696,6.618221233345929,9.090462506046414,0.0007122173998594252,2.8984787560402854,-0.3805644255259374,0.9910296301549617,874925,9021.01050490042,11527.031723750702,771853,12198.611927400683,12772.187281056318,5413641,12595.042638032333,12680.127828533981,9,9,15559.314713244945,183.11111111111111,52.85713332379913,323510,0.9065905284403266,34.01465855502637,11.389864592100288,38.275386351033816,42.33707777117063,20181023_J01_011_Out_seg_0_cid_1
4471908,0.24498922729425945,0.967382697135533,0.06442822201910706,0.9686821600289515,-0.24146334159433935,-0.05788201368076446,0.0404370047284181,-0.07659093907817974,0.9962422781129682,286.6223593632529,236.79583223019688,119.91765206619283,729.6875628617795,2858.6472668397764,4580.579185272842,0.9872301756293161,0.9668734406051869,0,113,120.99869541144406,144.4786990251141,51.4400475143943,11310.219699287194,11880.0,50578261955,11999,15575,2165.64426742484,7.983450783107872,0.002566558195059049,179.80534517643648,0.840541710333892,603.390415324201,0.31817222061621975,342.6024600976219,2233.7563161203702,6.728979762476447,9.47657848851286,0.0006007221137539795,3.1776587849849864,-0.343063280957311,0.9870131611398606,510550,8964.215326608559,11159.916199158486,437045,11801.706741868686,12200.917335193582,2898960,12035.343091660458,12087.858387549139,4,4,13347.227312997764,308.75,115.71813816338387,207542,0.9473551249492381,23.01050705960605,9.634065404548998,21.630809274410478,30.082229265958397,20181023_J01_011_Out_seg_0_cid_2
3887908,0.4682125269777377,-0.8816535015114045,0.05885688450641116,-0.8813144720314688,-0.47076023761364033,-0.040860739957103924,-0.06373249539296438,0.03273991378468903,0.9974298306529422,295.66635975260294,221.7334449216171,110.12751601051968,640.1118604920613,2450.2074230722956,4858.631635202502,0.9912833272055488,0.9652717064233112,0,104,130.96010965280044,142.5743042273634,43.94849157953326,11529.929881314065,12062.0,44827306625,12109,16876,2193.1922281357083,8.193138792003975,0.0023327120546332448,168.80318562453138,0.8669555028487714,671.9629683678174,0.3287400113105364,322.44399979089764,2519.0486878467414,6.903589460320758,9.582268879362786,0.0006178110164019794,3.153644784155669,-0.3720413778308512,0.9917951180697471,419509,9196.887628155773,10835.704230488695,357436,12042.498567575734,12550.305586801649,2594707,12205.621231992669,12350.784308848039,6,6,14020.645699855093,259.8333333333333,115.67110942476326,194158,0.920190363467133,25.220158367129372,15.49748123837387,24.070894374609157,30.780027429048207,20181023_J01_011_Out_seg_0_cid_3
3924552,0.20231619223420752,-0.9785565422511989,0.03866848816838713,-0.974515950000102,-0.19726036649947393,0.10680360950778743,0.09688561067181103,0.05929115807496825,0.9935279246296398,313.3720379354218,214.24729069071907,109.31945969094683,623.3684800027188,2213.511685890092,5459.427733273804,0.993459846488977,0.959526106407921,0,104,99.52736006555652,151.12282777753995,49.60804698217784,11366.504189013167,11964.0,44608436748,12113,15108,2260.1488756240765,8.122738184211785,0.0020482206291525013,222.4978427703399,0.8639783204213315,869.1145322174502,0.3052327311181099,364.1798693002784,3253.9602860994714,6.980140817900392,9.789764366486803,0.0005666324811583787,3.28021275349551,-0.3590641994151895,0.9908766352468183,483913,9051.859474740295,11579.144647696477,408945,11895.162183178667,12290.464198393294,2440437,12172.20019488313,12240.476537721948,7,7,13201.831897492151,323.0,68.89951274967666,196862,0.9157590510434004,27.191683540974726,20.384408724108454,20.585655256192524,36.20932907396041,20181023_J01_011_Out_seg_0_cid_4
4897912,0.15196017520379618,-0.9882746371634542,-0.014877724673974684,-0.9880673438928557,-0.15151131042205473,-0.02769921924366844,-0.025120292286294976,-0.01890937211105961,0.9995055810558621,317.4093562421687,228.5206683605035,113.35281947923907,785.4686116074678,2606.2456910513506,5676.6853843907975,0.9903809582266169,0.9535043220570113,0,113,102.68473341293188,154.29608943566157,57.24959288774482,11266.55703532444,11773.0,55182604902,11955,17334,2099.7720267104473,8.041009991101587,0.0030225775607992385,123.66787068380455,0.8520791401878492,447.0517328014948,0.34756238620954727,289.2597770082982,1664.5390605221821,6.662219437206255,9.240500958432094,0.0006674752539015689,3.017152071575106,-0.36518920622061,0.9894519066678344,560447,9064.046880436508,10911.024127812194,482903,11755.902620194945,12200.0244474213,3167190,11948.92668895772,12017.468286728807,10,10,13390.093914325285,362.0,98.38902377806174,218042,0.9586500684143803,26.28206422594703,18.387129563373506,19.459720715528114,34.80869113548919,20181023_J01_011_Out_seg_0_cid_5
5328380,0.4178747920643297,-0.9068732181595994,0.05442080798779749,-0.8963871587107906,-0.40181003698353135,0.18718642012092954,0.1478875243405914,0.1270025998322269,0.9808157929908482,353.22885172186517,222.11331362748888,125.27605164207503,773.9546758703963,2447.755232917987,7485.3772725064555,0.994640317355041,0.9486960290235664,0,117,125.65547164428963,165.91763162537205,52.825951602550866,11172.672505339335,11699.0,59532244724,11817,18027,2185.3514741346694,8.050545662022719,0.0039933639746496516,133.5730558203942,0.8726849552888706,555.8082029186618,0.3831790578159999,289.7189032777796,2089.659755854257,6.549352541308424,8.908605333541432,0.0007425859444152755,2.882335890010789,-0.389759180217544,0.9913066337213591,619432,8833.411423691381,9854.87683109118,529473,11693.147899892912,12081.529860228717,3418859,11906.675138986428,11920.212486682292,10,10,14143.589291054774,292.6,98.32924285277498,247132,0.8949755616269376,32.405877521115386,28.241033243906397,21.62045998004112,37.86290667640339,20181023_J01_011_Out_seg_0_cid_6
5307840,0.5977436980471937,-0.7990576483655856,-0.06487947312768186,-0.7961377405179824,-0.6011646701065508,0.06903432145392359,0.09416564961697577,-0.010388166543822772,0.9955023437582007,335.28575330098573,242.85807348324283,114.29773512032766,688.46029398656,3110.7632622736573,6429.191821424095,0.9942500320880205,0.9752022485960139,0,113,147.01791764634956,158.35110478085247,55.424354916500874,11389.471737279195,11935.0,60453493666,12076,17442,2214.899972668002,8.189973239674313,0.0028742591956061954,145.69533103759997,0.8710400878906945,597.8102347027827,0.35014074780722265,307.33756484825597,2245.5456077735234,6.802303437938196,9.363159737474462,0.0006674684587668873,3.0430761165880593,-0.38271581265546073,0.9922551274333323,609412,8984.233598944556,11485.055088702147,524989,11885.737299257698,12312.902280130293,3425162,12139.351176090357,12178.961757244984,9,9,13901.5991524414,304.0,100.2652038900391,245896,0.8966373689523577,29.847070430601978,18.14034473014158,29.258832674691625,35.009689509370936,20181023_J01_011_Out_seg_0_cid_7
5323804,0.9681521050008394,-0.24736034629362644,-0.03865696139042589,-0.2370807138598919,-0.9554191833492783,0.17597420039279085,0.08046264163031015,0.16120497253402394,0.9836354609977097,367.9624478020441,232.86824205735445,119.02087571077726,693.1527610035449,2548.5918618201645,8068.3808350937015,0.996302921309541,0.962304374071077,0,117,179.30694631132175,114.49092829112416,55.257299479845614,11254.408721470587,11812.0,59916266169,12003,18799,2204.643767106216,8.133134583821658,0.0036770427361786577,123.54621634817296,0.866130142035252,489.04376887796667,0.37768599982088114,276.34809802518083,1832.6288591637085,6.58533723689066,8.987348628558378,0.0007299046604016205,2.913037488349415,-0.38678423289598807,0.9913449916943224,632720,8938.48177866987,11002.179242713157,538334,11805.295437405031,12200.09250720461,3380033,12002.122363302371,12012.487791287736,11,11,13850.29070680761,262.54545454545456,100.13750876248632,251536,0.8784728840435395,35.04450955970608,29.03566867997024,42.059115987369054,20.79367404053939,20181023_J01_011_Out_seg_0_cid_8
3423124,0.8347891025028416,-0.5500047898061831,-0.024937632861939354,-0.5499368517124732,-0.8308022407863461,-0.08565684930558344,-0.026393436136170918,-0.08521952766028558,0.9960125594761764,330.25025672986885,155.20420214972887,107.70290740748769,661.0091922347073,1311.5458788405992,6673.429531474068,0.9950823681860237,0.8637080712076954,0,104,148.58847356975676,121.93352095921738,52.19957909792342,11526.997661784966,12086.0,39458342344,12244,16684,2270.5536351281867,8.237174762123809,0.00239509171771753,195.39634432504442,0.8708986240482781,792.7786137687307,0.33123249166548374,336.1710805732454,2975.7181107498695,6.931599085956636,9.596504369931093,0.0006188021530557976,3.1685193569190706,-0.3775070557328872,0.9925185812366863,433758,9382.62941317509,11422.921245421245,365430,12072.181112661796,12502.387934326078,2090883,12322.315938768454,12370.243417061036,10,10,13818.560752987649,301.7,97.33247145737131,183910,0.8949770304204534,31.89493537412594,31.018402067190216,25.888432951340555,14.351197069292503,20181023_J01_011_Out_seg_0_cid_9
5832756,0.2804158889907568,-0.9597280657675615,0.016999087610187015,-0.9584117302545211,-0.2809221443788035,-0.05029616395064161,-0.053046060287814265,0.0021882814421836224,0.9985896689392852,305.2396628854321,261.7152537072114,133.67038953165877,975.4948501598992,3485.7571153068843,4802.663490210279,0.9791548089253785,0.9600432588267288,0,130,130.04551707631865,151.5931367607354,58.291900432659965,11296.994688617182,11784.0,65892613552,11891,15864,2000.5040850381918,7.9035141607182755,0.00309469503903342,151.07934414561484,0.8376588729537614,495.13078894807825,0.3396313478170213,334.14363681249324,1829.443811646712,6.581001954976608,9.196719845403448,0.0006541452601032934,3.0385199167177155,-0.34933252759862826,0.9866134630109852,579680,9006.152646287606,11370.197984395318,499883,11663.996333141955,11981.454359673024,4038290,11911.894833456736,11975.274233092148,9,9,12905.175593864053,320.22222222222223,122.45795448758709,246938,0.9503725132770416,22.466499863999037,7.939110260750307,23.95544272961574,30.069550924826657,20181023_J01_012_Out_seg_0_cid_1
6103644,0.5367467355084867,-0.8436334500492723,0.013621449223358348,-0.84373714076899,-0.5366105627206578,0.01251963512202084,0.0032525694385312975,0.018212795902348426,0.9998288427813367,303.34839667685037,271.57657429000346,120.11321486383403,911.8770761415053,3875.650486408608,5037.36045411787,0.9834789002132537,0.9719267555626672,0,117,133.90639526158472,148.75994307662768,58.05291068745163,11566.942411615095,12053.0,70600498649,12188,17529,2020.7048552107517,8.074605872691908,0.0025579888689952453,111.22582236115942,0.8565484623180813,413.4253365237433,0.33392677910756025,291.31744486781594,1542.4755237338081,6.736519726488421,9.383963139041372,0.0006434574701902533,3.0345410013021117,-0.36227053922699304,0.989788389669221,593850,9210.738479413993,11701.301904464564,524974,11933.852941288522,12405.541338582678,4248004,12169.791488896903,12185.735708588141,4,4,14412.493423921838,305.5,163.9641729159148,248204,0.9740454453794071,23.997577030453968,7.878151422678793,28.311844992852365,30.97984023242896,20181023_J01_012_Out_seg_0_cid_2
6918788,0.9508138721244661,-0.3060126374308705,0.048054617970409275,-0.30669869661441057,-0.9517775970327452,0.007437424392552998,-0.04346136296414495,0.021809894983144115,0.9988170194836105,339.3526263653081,268.0786718624811,132.22650997379682,1000.8374499424867,3681.1848884328638,6226.005223694827,0.9869949697636229,0.9623313998539721,0,126,161.6223156425663,131.1927953277366,61.36634682259378,11340.451290746298,11752.0,78462178305,11802,16939,1901.3125441980897,7.9377489229918785,0.003352136420400967,116.77762050141352,0.8467393482790508,404.9163607570411,0.3519420955970868,302.69755040366175,1502.8878225267445,6.561968405215793,9.121004210811073,0.0006802124812009009,2.981969328117188,-0.3575139129985285,0.98771113228617,632022,9133.989174427472,11040.042839274547,553093,11669.786110111681,12024.936993137866,4951077,11871.622517080626,11878.119040263618,22,22,13426.283963621843,258.95454545454544,97.42105301344229,275668,0.9531573353966831,26.834149205024328,14.409384360005351,35.78571318472668,26.196468905119968,20181023_J01_012_Out_seg_0_cid_3
4274780,0.5380103011643411,0.8419302259543948,0.04121177581027707,0.835363332513988,-0.5390775972893108,0.10753346824086063,-0.11275202229751743,0.023427307253819016,0.9933469397660897,358.9615201640476,194.69296654378695,114.80128018584506,720.4350248341127,1768.3336264965212,7665.6640294385525,0.9955738894012894,0.9132458109096339,0,113,141.7403089749648,145.3392310247545,50.91683408268963,11269.218837928502,11813.0,48173431304,11963,15926,2134.339155376419,7.992702903936929,0.003245924183932878,195.70402310880328,0.8599303781506431,736.0975733700459,0.35244829843335457,345.4647278873332,2748.6862703713714,6.638982887645249,9.174692242628806,0.0006728147629367028,3.041488848036864,-0.3684335428165895,0.9894749453562797,511588,9186.101253352306,11720.605642633229,436703,11785.400702536965,12267.54972285621,2697593,11965.601324588253,12010.744292004989,3,3,13919.622333160025,185.66666666666666,12.918548250050735,212642,0.8971436137914733,34.85583633190825,35.22513324451946,17.01403702761739,31.067091038186206,20181023_J01_012_Out_seg_0_cid_4
6069128,0.974515649047526,-0.19832775715452358,-0.10481102281504344,-0.18056475972019542,-0.9707762709720337,0.15808162216026456,-0.1331000274555467,-0.1351278374713697,-0.9818476716027003,341.8377987449937,265.4746435803984,129.52475928354716,837.0386346266638,3392.197776051917,6384.2033336856275,0.9913677079275949,0.9690781315197896,0,126,164.73182111169842,131.70026732011584,63.92841937095412,11316.516982011255,11845.0,68681390078,11988,16142,2114.1798924135337,8.011224433594293,0.0029262721014746344,163.5015551258602,0.8639105858124542,637.8443604737947,0.34383934090875573,331.6808839557765,2387.8758867693305,6.701654777412553,9.283726399882612,0.0006578738722297704,3.0423728309439593,-0.3678679934560764,0.990090318954542,652424,8933.742245840129,11490.017172646427,562770,11763.223046715355,12076.448660714286,4051643,12000.895597168852,12054.550370684996,8,8,13559.165625781585,290.75,118.1934325586663,264880,0.910220754514265,28.838352058365842,15.40204674260187,39.045113716616314,26.30828535871343,20181023_J01_012_Out_seg_0_cid_5
6270136,0.4926339545783793,-0.869822654653974,0.026839080594923407,-0.8681263604746212,-0.4933520761106398,-0.05440910995788709,-0.060567392593335545,-0.0035040616482879083,0.998157959696966,339.7962601419853,233.2320806887582,129.12645732921658,962.1591920833815,2967.9977432211886,6960.774947295018,0.9904007310697053,0.9459961455503815,0,122,145.07151423828765,167.38307366857754,58.762821093513764,11391.118713374,11821.0,71423863525,11907,16969,1910.0214698935572,7.922167918149193,0.003583777097050334,129.45184564392596,0.8507724305381318,458.53728710505396,0.3589663373216656,311.8284053903736,1704.6973027762926,6.504396991838979,9.006056194643046,0.0006961985434123436,2.954046247894377,-0.3607364234291819,0.9875493553575232,582739,9226.638018049247,11389.54211869815,514511,11726.37380153194,12147.63546641197,4446779,11927.289386317601,12028.112872724494,12,12,13328.1210983282,303.8333333333333,99.09661391232744,265626,0.9257578048352127,29.578262040229028,23.837453511407446,23.28024748406507,35.50375476661286,20181023_J01_012_Out_seg_0_cid_6
2065840,-0.6619492298250049,0.7413297710371516,-0.11069502115310907,0.23085860213934345,0.3421457117884672,0.9108460999109737,0.7131111575009548,0.5773789764779863,-0.3976254450722203,233.59931433228383,177.47512828370068,140.96136742149304,723.3357359859948,1483.155624417277,2555.630397714647,0.95910924791988,0.8730110106296101,0,152,90.0083452735933,100.05979165859893,70.08665337102583,11175.199366843512,11784.0,23086173860,11805,14980,2203.367614356064,7.919441551478108,0.0037620253661472046,323.06295074551684,0.8173064442896393,920.4708248659596,0.3539360778705164,374.80868096446653,3358.8203487183378,6.554791923581072,9.098510993367835,0.0006718564452873215,3.1127477922565308,-0.3534780653586425,0.9864227550628162,331011,9814.816051430314,8862.196268656717,262746,11762.287323118144,11820.125106022053,1068511,11988.410501155346,12018.469031407863,1,1,13631.948717948719,117.0,0.0,148256,0.7926160950599549,18.898706999656206,18.778486922567158,18.675027680652036,22.887293727128487,20181023_J01_012_Out_seg_0_cid_7
4499392,0.8529609605095351,-0.5219746908352083,0.0001482367700819023,-0.5154613801724474,-0.8422727413284319,0.15772189057262773,0.08220197927888935,0.1346070256063071,0.9874835610075017,317.28135725806504,190.868631367066,131.0103335373606,935.6875866493441,1826.2323431168272,5846.857899757651,0.9871117376122807,0.8587710338866459,0,122,137.86465549123082,117.93191969048263,58.891978293956164,11552.0844589669,12012.0,51977356398,12169,16618,1963.9691882357681,7.996767854785345,0.003099117489881861,155.25586264485077,0.8474296533887615,535.1111402283618,0.3433195088530937,329.56448574973035,1985.188698268602,6.629247206559247,9.229331455948182,0.0006575340044202819,3.0543770948748925,-0.3569764386127189,0.9881535068215975,445797,9531.332296987193,11674.469166967183,385225,11887.626768771497,12289.913648005855,3114365,12121.430990908259,12229.608771179646,10,10,13881.956724182044,255.3,110.6797632812792,210780,0.9349709239462987,26.56544582826918,25.009339776200278,27.686415259949044,13.819313111422119,20181023_J01_012_Out_seg_0_cid_8
2209380,0.6573498635143658,-0.7535052279880511,-0.011001287757338994,-0.7508400952618833,-0.6561302330641715,0.07571174681832522,0.0642674745479445,0.04150889848973643,0.9970690563152574,237.1270516752336,199.81041774734314,94.96415901237852,421.41708733698084,2132.0100692843357,3042.8061224270705,0.9903629649777308,0.9802702622074817,0,95,122.44404946183997,125.04343209407163,49.784326824720054,10865.41604703582,11591.0,24005832906,11673,14075,2357.502679532759,7.925775331182426,0.0035132000996944434,358.3369012792708,0.848514312752457,1247.8952492291949,0.3469557036927578,390.08351955915725,4633.244095637506,6.677592686313077,9.2360437992952,0.0006453690448550037,3.190500240618999,-0.36561672240343907,0.9890690678570702,354171,9090.570281022445,11206.348576012835,284269,11560.498714246014,11694.539938891314,1142790,11803.36006265368,11863.54409947193,3,3,12432.76039495145,417.0,80.77540879913062,148580,0.8274728270663393,21.601189428905318,10.84572827879428,25.322715582727266,28.28526464424122,20181023_J01_012_Out_seg_0_cid_9
5570152,0.6088258982542384,-0.792433562551414,0.03714935473186597,-0.7902413491573921,-0.609921011272521,-0.059287183186674974,-0.06963932579243641,-0.006738616354954681,0.997549475140354,355.8992534213487,259.808188230809,112.47444002523017,682.7795222312063,3381.1075895831827,6741.671454692518,0.9948582166591878,0.979397976816466,0,104,160.56384744976438,168.9726908709134,48.363250410401726,11748.680253788407,12313.0,65441934813,12602,18195,2292.1727031515566,8.32498392405333,0.001987867071740171,128.81540087695404,0.8684296903099896,518.3794204920529,0.30558594483724905,296.57052241066765,1944.702281091258,6.962652209758639,9.79656532508807,0.0005701819375249094,3.242948600853692,-0.3549058513153158,0.9904870288631267,605519,9118.108604354282,10332.889204545454,532421,12259.958703732573,12597.490253671562,3684776,12493.974531694736,12473.387155264638,18,18,14308.734144677737,255.38888888888889,100.37714375122616,250940,0.905911284012989,31.171037138153693,20.986951155066663,31.40767707644904,33.87394080726657,20181026_J02_010_Out_seg_0_cid_1
5075192,0.8080527347597926,0.5872336795746365,-0.046982799197724565,0.5890965880286527,-0.8060016138795857,0.05767675785360326,0.003998477237639753,0.07428326861909731,0.997229165329135,348.17865464987494,257.76188988248896,101.31625320526133,551.3821295510294,3322.6726474413053,6719.577517955275,0.9966277144554266,0.986134947867642,0,95,153.37198119795272,144.90050031604716,47.20621643476739,11433.45653957525,12012.0,58026987162,12155,17435,2251.9448050596843,8.225244311930973,0.0021904662059889527,144.03742131807223,0.8590338893842675,545.496357247771,0.3100959829921108,299.8325990130038,2037.9480076730094,6.8907232120635875,9.695482415723417,0.0005778791740185393,3.239233547853024,-0.3513121059477148,0.9895576220706641,576633,8951.992355623073,11082.236971183323,503958,11965.546172498502,12521.389972144847,3285130,12176.747971921963,12285.644935268174,18,18,13794.407014090471,230.05555555555554,124.11351086907064,238342,0.8962217373311965,31.578308560192937,17.499941308444537,34.90013553219637,31.121412854293165,20181026_J02_010_Out_seg_0_cid_2
4329140,0.9306160370149074,0.3657440625857186,-0.013604129298210354,0.36389333032430976,-0.9206481752497748,0.1413809801732287,-0.03918463724664825,0.13652185939458178,0.9898617813166112,307.96247040483456,265.45748716583097,101.98401856888789,499.10376978117023,3673.3359397161876,5067.794596131887,0.9951384960411748,0.9907263899369685,0,95,150.83108469580563,126.26824034334764,45.326393694821604,11800.46756353456,12373.0,51085876148,12576,19762,2360.4629692639473,8.441221773249305,0.002173044358094653,116.77561573151874,0.879354993092629,511.26119356495724,0.3211411192985484,265.92985546039205,1928.2691585283285,6.987842099773913,9.742373517684317,0.0005982212093766007,3.203413897923574,-0.3712493752011685,0.992444087111427,492930,9258.488310713488,11814.537148276951,428455,12287.6119755867,12772.215723873442,2801530,12595.530395176922,12726.876174865656,13,13,15167.877827487806,285.3076923076923,83.53293649387612,217040,0.884064013418774,28.75690076216681,10.594298071167003,36.34423244619852,29.788223422266913,20181026_J02_010_Out_seg_0_cid_3
4351404,0.9898060084729567,-0.14110411359081737,-0.01933118513135462,-0.1404943694276593,-0.9896290265879425,0.029928613294398717,0.023353752374242278,0.026907598598740486,0.9993650901385797,292.1719896798155,225.9267085750461,114.1853437761227,764.1004800013415,2719.550952966278,4509.008704212205,0.9855369185816013,0.9597178164644773,0,113,140.61230398280648,105.20856946401668,52.69647865378623,11738.600769544726,12309.0,51079394343,12519,18465,2321.6706121254974,8.337007366020433,0.002138217475697015,127.0900962953095,0.8714245579373869,521.1156669415602,0.3123362482110679,289.8694697610637,1957.37257147093,6.947803993030562,9.761043397256426,0.0005820015306347812,3.2224629225642594,-0.35715639169272845,0.9907408997151272,520539,9326.321453339711,11203.968646864687,440869,12341.224524745447,12938.5629395218,2753460,12514.453071045158,12488.715138795193,13,13,14505.513513231224,277.7692307692308,125.39485564601605,203958,0.9474978423707044,22.867025967563496,14.07333541420305,30.57372204138703,20.222967683549008,20181026_J02_010_Out_seg_0_cid_4
4364232,0.686539118756248,-0.7138976739012589,-0.13789180401955126,-0.7243508121812942,-0.6550827965016486,-0.21490097863871968,-0.0630867601775012,-0.24741996872918773,0.9668523257273337,299.2860347880959,221.01526017258385,138.11247794705073,889.9556350300106,2390.948168096204,4503.835047970068,0.9802828318659377,0.9281450502733539,0,130,126.7408047968119,121.43666881137392,59.85007396490379,11976.712449521474,12501.0,52269151727,12685,19735,2273.0350279569875,8.387050185367235,0.0024669495877043747,123.15868050485952,0.8775914611372518,524.9388803382127,0.32948106005859235,283.8371097101947,1976.5968408480035,6.881767622644755,9.600315705856072,0.0006177641727162202,3.1568028703903903,-0.36548245131811075,0.9911182296753023,483811,9698.512952371897,12238.43303121853,408501,12511.324677295772,13151.433969053616,2876729,12672.25571126095,12791.890944123314,18,18,15239.244689834093,149.77777777777777,51.47227468966565,210946,0.9167162963687923,22.072830124498033,17.410323996939244,19.250939027881643,22.487016150921285,20181026_J02_010_Out_seg_0_cid_5
4889596,0.8708054721081436,0.491268556976427,-0.018789216929189133,0.4901961062005805,-0.8647207966594114,0.10938793941976567,-0.037491428517758135,0.10446601720661257,0.9938215353053512,341.95423881600186,249.04815646795367,104.93148315932007,562.378777000076,3148.629050746337,6584.171954749958,0.9963455687443623,0.9839198264372109,0,95,165.2459250212083,130.86175095038527,44.99920484228145,11743.38869387164,12290.0,57420426384,12478,17646,2290.042791281368,8.358211135606945,0.0017677154435048908,143.90931332621378,0.8701686477644655,587.4061160355145,0.2933722119323957,305.6165747423443,2205.715150815832,7.07945511400335,9.981434873511695,0.0005431060447051429,3.317003171633083,-0.3554894815425413,0.9913747942892152,535389,9198.218769903753,10793.242497726584,462276,12257.634575448434,12687.185859833282,3234384,12478.730539107291,12503.47955675904,17,17,14140.207551638552,294.5882352941176,92.05117427345024,231312,0.9003007374559326,31.18502579102132,18.36003200535353,36.583690696852535,29.611840362678368,20181026_J02_010_Out_seg_0_cid_6
4489680,0.8715524660289075,-0.4902797493672607,0.004697480101737134,-0.4899639427771178,-0.8705552690000252,0.04548470506219783,0.01821081374434808,0.04194390273532021,0.998953990575191,348.598992639423,234.58389190575184,99.3175543760446,575.3238148746193,2652.6315017203774,6716.021322964563,0.9963240505420906,0.9761965048619022,0,95,154.96693216443043,133.4612604907254,45.655052475900284,11654.000853735679,12212.0,52322734553,12423,16810,2273.875611038011,8.329590850245237,0.0017222944006955467,167.23014569258805,0.8663576355166397,661.3742390024927,0.2914021784176376,326.62749109534064,2478.2668103173714,7.095312647902002,10.027209243726514,0.0005346030788666432,3.3578351125636674,-0.35220420271971037,0.9910842678562539,522282,9263.789810868459,11946.416950306331,461510,12181.67485428268,12790.316677482155,2859164,12411.20970360567,12467.68239620995,21,21,13898.833983695877,284.14285714285717,113.54054686460219,219574,0.8963992429691835,31.885273654237643,22.329911106495143,34.64674789150351,28.21342085506114,20181026_J02_010_Out_seg_0_cid_7
4754032,0.95983435115881,-0.2707201535677029,0.07367914757803282,0.2654086922256316,0.9612589223934271,0.07442788597096774,0.09097386672350552,0.0518833554360808,-0.9945008159886382,297.2717286605173,256.04475273821464,111.12528330466247,662.4934869192848,3453.515262955115,4803.400029888534,0.9904431242273033,0.9814278490937511,0,104,147.18234122109402,127.8745839321233,47.90191315498087,11686.546170072057,12250.0,55558214462,12387,17859,2275.0088420916054,8.262790968294404,0.0020013587027156634,131.7745681796431,0.8606946731754002,501.6063447325547,0.29918619122178297,295.8137938722305,1874.650810750574,6.928559378046517,9.80092989964123,0.0005575799426810711,3.2704739731801267,-0.34464248237981754,0.9890568976420023,527663,9148.538320860094,10950.710517953607,466470,12180.101277681308,12694.918992511914,3106507,12436.625368299508,12409.679974530405,16,16,14317.565001991337,217.75,85.2353359822087,218856,0.9348072547472865,25.269793521849248,8.8260546049989,33.84582312812108,25.89121923698553,20181026_J02_010_Out_seg_0_cid_8
