dna_volume,dna_shape_1st_axis_x,dna_shape_1st_axis_y,dna_shape_1st_axis_z,dna_shape_2nd_axis_x,dna_shape_2nd_axis_y,dna_shape_2nd_axis_z,dna_shape_3rd_axis_x,dna_shape_3rd_axis_y,dna_shape_3rd_axis_z,dna_shape_1st_axis_length,dna_shape_2nd_axis_length,dna_shape_3rd_axis_length,dna_shape_1st_eigenvalue,dna_shape_2nd_eigenvalue,dna_shape_3rd_eigenvalue,dna_shape_meridional_eccentricity,dna_shape_equator_eccentricity,dna_position_lowest_z,dna_position_highest_z,dna_position_x_centroid,dna_position_y_centroid,dna_position_z_centroid,dna_intensity_mean,dna_intensity_median,dna_intensity_sum,dna_intensity_mode,dna_intensity_max,dna_intensity_std,dna_intensity_entropy,dna_texture_haralick_ang2nd_moment,dna_texture_haralick_contrast,dna_texture_haralick_corr,dna_texture_haralick_variance,dna_texture_haralick_inv_diff_moment,dna_texture_haralick_sum_mean,dna_texture_haralick_sum_var,dna_texture_haralick_sum_entropy,dna_texture_haralick_entropy,dna_texture_haralick_diff_var,dna_texture_haralick_diff_entropy,dna_texture_haralick_info_corr1,dna_texture_haralick_info_corr2,dna_io_intensity_outer_volume,dna_io_intensity_outer_mean,dna_io_intensity_outer_slice_mean,dna_io_intensity_mid_volume,dna_io_intensity_mid_mean,dna_io_intensity_mid_slice_mean,dna_io_intensity_inner_volume,dna_io_intensity_inner_mean,dna_io_intensity_inner_slice_mean,dna_bright_spots_number,dna_bright_spots_number_used,dna_bright_spots_intensity_mean,dna_bright_spots_xy_cross_sec_area_mean,dna_bright_spots_xy_cross_sec_area_std,dna_surface_area,dna_roundness_sphericity,dna_roundness_roughness,dna_roundness_roughness_xy,dna_roundness_roughness_xz,dna_roundness_roughness_yz,cell_id
511749,0.44706439929693076,-0.8942635076159368,0.020644656153974268,-0.8905963743146733,-0.44714826454230644,-0.08304533445270718,-0.08349563425013876,-0.018740556641809625,0.9963319078489467,176.37096920099629,113.97087407607073,41.576063186334046,95.21043908624804,780.87225249538,1819.1696208178805,0.9986294639589736,0.9925389088871336,0,41,71.5012281411395,85.21762817318647,17.345137948486464,586.2742203697516,623.0,300025246,683,911,159.8922478379951,6.104652100644914,0.00022754081832190967,437.7800490797066,0.833585277110733,1378.189424587352,0.09665069066090608,309.6459194032642,5074.977649269688,8.002960507890723,12.663376713725357,0.0001471633566647148,5.069453571504292,-0.19862033839133325,0.9638752484850185,124822,511.0565845764368,643.8162261831592,100251,666.7281024628184,688.7946848541862,136997,675.0491251633248,697.8544565626175,6,6,797.2970673439942,122.0,88.00757543151234,54576,0.8429213720517938,17.827126054473045,11.196447775724018,15.56396383876674,21.32264941169234,20181107_R04-Scene-01-P51-B04_seg_0_cid_1
940179,0.9855500462428165,0.1651822447876152,-0.03749576453023214,0.16773351261723615,-0.98256347995786,0.0802151893233652,0.023591843842008377,0.08534537983994336,0.9960720812491987,171.2858921984961,161.06650903098563,64.49160103132087,203.51249967385806,1305.5512512961016,1731.1279482069795,0.9930657064158208,0.9877756164551266,0,60,84.79334360797253,83.46443390035301,29.04971819196132,611.1801242103897,645.0,574618718,685,1248,145.31953396560098,5.99830898529496,0.0005592964663124912,174.8540766884435,0.8282152067615081,526.3766431241194,0.1413731252059123,217.30796806652367,1930.6524958080336,7.329468947416789,11.455491639995133,0.0002305232209896304,4.4446841252562805,-0.19818319156208458,0.9531530032924463,182987,525.6200713711903,601.9027568922306,152308,665.7108556346351,676.4537313432836,382687,682.3709323807707,676.9756748953371,3,3,937.4349487287541,58.333333333333336,39.684869772860395,79008,0.8780041501215721,16.609306761974764,2.916505991151395,21.132061889766533,19.172625773157904,20181107_R04-Scene-01-P51-B04_seg_0_cid_2
253728,0.7384143001260839,0.6743282445991786,0.005073451004607801,0.6741981211779569,-0.738388279921741,0.015480357693722442,-0.014185019189934832,0.008010406356916579,0.9998673005057112,106.54563923944853,95.8242020809013,41.59633883628437,109.65474478327518,469.54708809504626,592.7605331560216,0.9827404114420818,0.9723488742609024,0,41,50.806036385420605,50.91072329423635,20.25870617354017,400.86094163828983,430.0,101709645,432,493,89.96770237618598,4.371199537429911,0.0018036003825198641,900.9761378678205,0.4932199130982988,987.6360802981077,0.13403263328971954,411.1242059635927,3049.5681833246085,6.202485594486646,10.232142454178176,0.00020680358470147626,4.757902886424329,-0.08067506811848747,0.7049686103372376,66197,396.04970013746845,423.76063829787233,44361,431.6233628637767,429.83223684210526,67343,434.01063213697046,433.1533613445378,1,1,445.648393194707,529.0,0.0,33362,0.8655833101998387,8.380172025636721,2.8706106236141222,10.541896239933164,10.517745868687623,20181107_R04-Scene-02-P52-B04_seg_0_cid_1
943036,0.9536904396781044,0.29655660238921044,0.050286447935321804,0.2969934898398314,-0.9548786481969141,-0.001278362386762193,-0.04763834862106424,-0.016153909650659447,0.9987340181167638,249.33881050687003,157.2081162612053,80.45466413142961,363.5762753320885,850.4630395525512,2717.9766037239406,0.9910127753511778,0.904013498969207,0,76,140.7418051908941,80.83517490318503,29.373438553777376,434.84833134684146,455.0,410077631,416,668,119.12353131367027,5.7125182111996065,0.0005893900871756957,528.1214881991167,0.8046320556690156,1418.6218238168262,0.16178843230961482,334.1999551345233,5146.3658070682,7.779068389306776,11.735203777701072,0.00023225213276627536,4.646637091599867,-0.26422365597494524,0.9832523114038852,250652,397.39782247897483,402.8454054054054,155726,475.1214761825257,486.3389490573606,253254,519.3650919630095,533.3563704748472,1,1,587.1245674740485,289.0,0.0,112878,0.6164193783419247,25.17036356612019,21.821815747296807,24.96814571916468,12.076723568067894,20181107_R04-Scene-02-P52-B04_seg_0_cid_2
549523,0.875595454967538,0.473554722713064,-0.0952812879653875,0.4610289593409442,-0.8781405210366506,-0.12775571988167814,0.14416968436254426,-0.0679348946391554,0.9872182900459102,146.43951407592618,120.87084314444282,54.38920859004897,156.44714935752444,772.569010045955,1214.026334268447,0.9916619698173756,0.9792817474829776,0,58,71.69531575566445,63.15271244333722,27.08971235052946,452.65698978932636,482.0,248745427,491,615,105.12046172144832,5.197113965505213,0.0005446470574024542,578.6759929350347,0.6970300957852602,1030.2824944615993,0.11690608585042872,366.1105283581351,3542.4539849113407,7.203290881907747,11.615034735592216,0.00018086294422173103,4.859402017610102,-0.14357322014440188,0.8985644464920336,125466,421.42094272551924,474.35142658315937,95696,494.77029342919246,501.23270089285717,179520,498.1988524955437,498.43777030273907,1,1,543.6334405144695,311.0,0.0,53856,0.9028936260001117,12.798036772374706,4.410805080771086,16.198728174973272,13.26113951671676,20181107_R04-Scene-03-P53-B04_seg_0_cid_1
159619,0.64495036965158,0.7504433250602011,-0.14447780645787575,0.7641979888505013,-0.6348715662871128,0.1137520468255291,0.006360387027484163,0.18377407377738944,0.9829479311154397,92.24767493948889,71.78618864007149,50.828495011191045,117.36061462518204,261.07258698038424,433.0452902797724,0.9625758749817064,0.8932639726515393,0,44,42.66449482830991,42.32771161327912,21.137652785695938,400.8763555717051,430.0,63987483,432,558,91.91135124794081,4.62933228464403,0.0016400174781860642,693.0191385676909,0.513062799221803,765.1250379221397,0.15727113354532876,359.0190171358226,2367.481013120856,6.4294662652212375,10.306150886579385,0.0002465151526601445,4.54953440118679,-0.11219550051775398,0.8083183634645609,46760,399.56248930710007,419.17905405405406,28276,435.1547248550007,433.19797687861274,32046,437.1484428633839,437.21888185654007,1,1,464.8395061728395,162.0,0.0,23364,0.9077489967347631,6.440521251230645,3.48253644069755,6.788786043676099,7.548518639794822,20181107_R04-Scene-03-P53-B04_seg_0_cid_2
478870,0.6817540317609213,-0.7257102849053475,0.09249877058819726,0.6938855629650591,0.6814985186937547,0.23255664799545328,0.23180652641026267,0.094362870880539,-0.9681742523496435,126.78367450155415,116.59942961570562,65.42570919232944,193.37069175171064,674.9305203872824,884.304331334929,0.9757989027194446,0.9580788694770609,0,68,55.122089502370166,62.51733455843966,34.25020569256792,624.6814145801575,654.0,299141189,709,1178,163.40636608511804,6.240888316473241,0.00034613555898832326,222.72921400566355,0.8746684612636978,910.999450228848,0.12665403351657895,249.36447635421612,3421.2685869097313,7.780042976052234,12.05617603544804,0.00020137388563158619,4.636834369418336,-0.22587738004365782,0.9732582506214601,105133,525.1987482522138,567.0916666666667,79494,684.1061337962614,732.2474308300395,169336,737.5251807058156,749.1860428971091,4,4,966.8996397243106,31.5,13.937359864766353,47752,0.9278229887521282,10.023438902813975,3.6934934834281345,10.926286217989881,12.328117884193013,20181107_R04-Scene-04-P62-B04_seg_0_cid_1
452079,-0.3545179589883171,0.931435829326308,-0.08212376392963806,0.8973805789781452,0.36359897217457365,0.25000776769221067,-0.26272630859433643,-0.01493597271042452,0.9647547893074111,149.20268108596565,113.5757859409528,55.35398837138209,126.39231186354198,657.6887816629725,1314.2514105894838,0.9953648681739915,0.9813603835315096,0,58,55.02201827556688,73.68503292566122,28.315597495128063,520.086159719872,557.0,235120031,583,787,138.41927155352386,5.818232357958076,0.0003657443205117161,494.48845335698485,0.7762432480868088,1160.864608327325,0.11029299711259494,332.9396211363667,4148.969979952309,7.6897056443755,12.161686335964852,0.00016659080319633392,4.960120155184224,-0.1831234443795228,0.9485835214687233,117172,470.762246953197,522.0293542074364,84748,590.4146646528532,587.5800524934383,112417,599.3269167474671,599.9230633802817,4,4,683.8323511242895,61.75,13.827056809024834,52738,0.8087261138889189,14.245826167674954,9.197800450159443,12.544873355889465,17.316020308228943,20181107_R04-Scene-04-P62-B04_seg_0_cid_2
401969,-0.2926828900511927,0.9514086068138397,-0.09569947101123505,0.878876783233977,0.22823291563967885,-0.4189096992323144,0.37671252403335137,0.20671574468133716,0.9029708052518983,110.65456919355792,95.26576184596108,76.60415000289075,271.08183786418664,437.81954536584624,646.7580197700672,0.9079218431509909,0.7852621761675752,0,71,47.186663648191775,57.74200498048357,37.96077309444261,559.55470446726,592.0,224923645,620,1164,128.21853585998247,5.77527673836712,0.0007287469570156368,164.6504508031198,0.8080804639269008,439.7688663124206,0.15163735960269598,215.05214686439894,1594.425014446565,7.120419111265827,11.140579010962675,0.000248747789327838,4.367273393836537,-0.19137842282956902,0.9438610765001858,81987,498.7420810616317,556.5247079964062,61270,601.6497307001796,628.2334754797441,161631,622.5250044855256,624.7252349963846,6,6,838.8599139984752,33.166666666666664,16.51682643716872,40058,0.9839283378981192,5.69857541242383,5.316209077832869,4.938786441501518,7.482060090786878,20181107_R04-Scene-05-P54-B04_seg_0_cid_1
457600,0.16155279206409126,0.8718655728610024,0.46233225956670243,-0.9868391471119572,0.13939397010833626,0.08196230124136983,0.007013779554652459,-0.4694888113226902,0.8829105633863298,120.81492091588218,102.91750603143007,73.73730237046243,238.2964990653626,566.5414274145201,744.1220521847002,0.9473369672819014,0.9072386770648649,0,79,50.971518793706295,53.93742351398601,42.21529501748252,539.565159527972,569.0,246905017,584,871,119.15678597585644,5.614786071860758,0.0005227066848689361,313.16001111939516,0.7716032016504185,711.6415250850562,0.12609545257802612,297.64961140725796,2533.406089220827,7.336385629671213,11.622969242727123,0.00020089346082286256,4.676869175175364,-0.17446764474696336,0.9349657327797032,93795,486.691294845141,499.0622568093385,69700,584.6109325681492,584.7276964047936,183067,595.6237552371537,594.690655969797,6,6,722.6700185875396,42.5,14.952703211571256,45094,0.953902816045569,7.6871069499126605,1.663243199144851,5.847829368823092,10.313676135883707,20181107_R04-Scene-05-P54-B04_seg_0_cid_2
548751,0.9058948258776035,0.42345533811621344,0.006335697993892056,0.42114519800990374,-0.8991747831684072,-0.11883362952988868,0.04462383490227749,-0.11031901891755076,0.9928939658511796,146.49611274603959,118.85009857077594,56.754769998316746,173.57272563359936,674.0354972124211,1229.7892732845262,0.9899896155898845,0.9662749041295466,0,55,70.08159073969797,61.3335556563906,25.005605456755433,493.1521309300575,523.0,270617725,538,672,113.98689465328432,5.425132420635044,0.0003575983819179119,487.2153232400459,0.7474187732735239,1019.6816449840511,0.10460617805665332,357.3776116319158,3591.5112566961648,7.540132428068914,12.090233954848141,0.00016200551311230566,4.957494428077052,-0.1611155808907376,0.9277843855332478,116965,443.3354251271748,512.4242878560719,89987,536.6889772967206,552.7003129890454,202799,548.5205351111199,548.5741347053321,2,2,594.6792501284026,167.5,68.5,51298,0.9450765324716157,12.327519250830836,6.5780385607992065,15.570015470374049,11.531542799087292,20181107_R04-Scene-07-P70-B04_seg_0_cid_1
555617,0.9969775819036087,0.07593281543700994,-0.016428898972304554,0.07758806075864513,-0.983972599714676,0.1605553357520538,0.003974167755140413,0.16134475681146543,0.9868901030206468,161.5790224802257,111.60326880517272,55.50872802189115,151.05844454802642,655.6420752179816,1570.7962224043872,0.9953652328543646,0.9730965455219314,0,52,79.72007875928922,54.66794212560091,25.641067497934728,486.0497500976392,512.0,270057504,526,720,108.11742680738159,5.467476370418716,0.00043900654120812517,421.27334045917877,0.7259177356322163,809.3372011954117,0.11475331492169283,316.70203694637934,2816.07546432247,7.453141129977987,11.85748085757512,0.00017873657296693424,4.8332086668986,-0.16327023842981905,0.927924666541666,121047,445.4964187464373,502.34381139489193,95177,527.7166332202107,544.8840877914952,194372,536.6294682361657,539.6972070844687,4,4,606.969190226599,157.75,63.12438118508569,54074,0.9018916837220133,15.130882635506742,11.18317091898854,19.96677337199353,11.544456894443854,20181107_R04-Scene-07-P70-B04_seg_0_cid_2
338274,0.9958216030060547,0.04829611400464407,0.07750367964491939,0.06710713195069504,-0.9626279113498314,-0.26238166310093636,0.061935190544664245,0.266486378005165,-0.9618466834739747,127.08086121675439,94.0321651261562,54.49324831165617,137.2014361278767,452.2261311321842,927.563858855222,0.9889999437390121,0.9528660817008486,0,52,62.95327456440637,45.374282386467776,24.24989801167101,655.7111720084902,701.0,221810041,739,1132,173.21699220226415,6.153706235744658,0.0003442520549799792,354.4085055376953,0.8023517545562358,930.1803824970126,0.10831359861020119,271.2742045683864,3366.313024450371,7.6945187643982065,12.229997880207659,0.0001670533126016915,4.91313444739148,-0.18033543475501426,0.9477557835309018,85513,587.7139265374856,631.6428060128848,60411,742.3551671053285,750.2128060263653,92472,749.0688100181677,745.8550692273336,7,7,951.3501119127299,43.0,53.96295025292817,38302,0.9173559145818212,10.782206448808198,9.84461586601049,14.121291731227322,8.40712815947476,20181107_R04-Scene-08-P61-B04_seg_0_cid_1
137758,0.9820152225171886,-0.1887786201987574,-0.0029555541560996896,0.06831384953290598,0.3406839099736176,0.9376927489572922,-0.1760094335724985,-0.921030458801956,0.34745297991605534,89.2767424386367,71.70632367241059,64.10306310943973,168.4296132423648,237.24026321540148,415.54933892579,0.9141757739217801,0.7042483088458735,0,66,50.32284150466761,32.00489263781414,40.329882838020296,873.2647759113809,728.0,120299209,644,2444,486.1441919584383,7.31833716264105,0.0005414936437100925,231.9507636371083,0.9543055678936787,2538.2698200753434,0.17588452026252982,182.88761534830994,9921.12851666427,8.246759642473599,12.408798144044654,0.00022315771160128365,4.699479819836855,-0.2926438863695161,0.9914174546285701,56621,752.0658766182158,867.0418326693227,18626,1293.0939546869968,1370.0328542094455,6384,1245.1500626566417,1109.477366255144,3,3,1685.5523882380369,274.6666666666667,164.76312964036853,28470,0.6768308481445047,8.41476350843518,8.678308816119053,7.707641401387208,7.202687815075358,20181107_R04-Scene-08-P61-B04_seg_0_cid_2
626023,0.8897866552756353,-0.43996170721163913,0.12129882225651421,-0.43993795135124053,-0.8975779155707679,-0.028433860809055637,-0.12138495398636148,0.028063885458985933,0.9922087034886732,159.178272873688,128.67453387310428,57.95606314575856,163.4602153461628,865.7673676101097,1399.257436714477,0.9931531910976003,0.9820148190617896,0,58,79.0794986765662,72.68239345838731,24.858851831322493,430.80848786705917,460.0,269696022,464,588,99.2415048654647,4.96145953970622,0.0008541237200070629,554.709095625682,0.6556578014640077,879.4316538974151,0.13348714814447354,366.99070190259073,2963.0175199639857,6.872500117918585,11.066614209874919,0.0002082168664416753,4.687782470823014,-0.1327835161733188,0.870803022536444,143284,405.6943552664638,453.4200127469726,109739,469.5898632209151,474.35483870967744,202850,469.98674882918414,470.7298712176735,1,1,497.8196721311475,488.0,0.0,59710,0.8883052873945715,14.12801402356701,5.042550168006963,17.664227986470056,14.768319350496187,20181107_R04-Scene-09-P55-B04_seg_0_cid_1
212157,-0.5911717253305211,-0.378788970411229,-0.7120638363689986,-0.6030735053266317,-0.3786270603982986,0.7020996341739484,0.535554234735179,-0.8444882859039222,0.004603979612480034,95.5117479296589,88.86041742208702,77.10100779031669,243.86529702241518,332.48717765092624,421.12987450239586,0.8152750936490311,0.6797350438612014,0,84,46.03748167630575,41.49940374345414,43.147357852910815,682.6534688933195,524.0,144829712,466,2776,483.05445348339435,6.822386863208687,0.0033429645441382778,100.16716041332589,0.9751311893748504,2011.6832708104507,0.3176372636263425,125.08489945726433,7946.565922828474,7.375683910218263,10.435108033972963,0.0004656863664305814,3.837435822031469,-0.3614870497103269,0.9941453336571002,72704,540.346377090669,521.4638157894736,34871,907.8961027788133,1066.5234567901234,26143,1080.410740924913,1653.1518151815183,1,1,2522.076923076923,260.0,0.0,36890,0.6984008866251665,8.837173308114,11.893250113418253,10.44353310995411,9.114233767527608,20181107_R04-Scene-10-P60-B04_seg_0_cid_1
400256,-0.7950082476428829,0.5902791700081355,0.13975831865867364,0.5438182880128177,0.7956274494152062,-0.2669056600371397,0.2687444060861544,0.1361890714835837,0.9535349920196109,136.19838564988788,92.45815709307664,65.96970051706873,186.78747896434282,396.8652285054735,1169.1344678680032,0.9871549779722877,0.8823161542012182,0,68,67.64688849136553,58.386854912855775,32.05146456267988,497.61030440518067,526.0,199171510,536,731,109.12241273696203,5.451871663850373,0.0005835978774392348,498.53925495609656,0.7095541900065899,899.379890895005,0.12338759287590119,341.97485552016144,3098.980308623924,7.259312017306848,11.584659097298719,0.0001901300083951654,4.812484705977432,-0.15403669698233444,0.9121318437224468,93978,473.11623997105704,513.6393568147014,65337,537.7196381835713,537.9632304661851,131403,543.8373248708173,547.5784772437261,2,2,628.063112745098,41.0,7.0,46498,0.845331846350597,12.555598944779915,12.214562545040831,12.776331054226214,10.453734010748471,20181107_R04-Scene-10-P60-B04_seg_0_cid_2
422075,0.38859687414068267,-0.9193014896717271,0.06226749148178325,-0.9009788791983461,-0.3649609814294286,0.23460720635257665,0.19294954948530535,0.14726932172523896,0.9700939223765942,113.88611889302673,98.03745366086353,76.41646509866509,268.756277714231,459.66318635271665,685.2455598122746,0.9198781230092834,0.8112633758314727,0,68,50.44012320085293,54.73472487117218,35.280265355683234,497.2805875732986,521.0,209889704,524,666,96.87977384049701,5.167876233836363,0.0005001791346462381,526.2406383414163,0.6442091479406904,777.7026582614051,0.10541525374284771,358.8612847849148,2584.569994704202,7.121664869448041,11.69856096285223,0.0001654839517961969,4.93775158549053,-0.11214445748825783,0.8455490929504506,84911,471.9065727644239,515.9584415584416,64174,528.6679963848287,535.5801217038539,172019,531.553956249019,536.4537529236658,2,2,573.9685335312477,284.5,168.5,41078,0.9902233230728021,6.136161290267463,4.5774785471010295,5.754146049382085,7.428881290334072,20181107_R04-Scene-10-P60-B04_seg_0_cid_3
919859,0.9919358846582926,-0.12672029117064842,-0.0022734407396013162,-0.12645761758616855,-0.9883630441119738,-0.08453971840586504,-0.008465912921875318,-0.08414547426533803,0.9964175166460397,215.3028336232217,139.1270973206495,81.89884668821848,293.52915723412565,920.3564823280373,3293.515672340051,0.9960205962193105,0.947778322779325,0,79,110.04587333493502,75.25167878990149,41.22087841723569,549.2199891505111,583.0,505204950,601,832,132.106933705106,5.742794713808876,0.0004184573856079124,444.98686406568925,0.790709371770865,1109.3016339706187,0.11959968123526767,332.1387430203686,3992.219671816779,7.560898955656722,11.932479713441625,0.00018499151358474975,4.823946332429207,-0.18786495732891922,0.9491512058094325,205793,491.8943647257195,524.0896436525612,156017,604.1560663261055,607.2634107285828,312165,620.9430749763746,624.8876722006358,4,4,714.2854569941724,75.0,16.688319268278637,95018,0.7216320181578455,23.449146213558883,32.51872460175263,29.250320144207695,17.002894689246368,20181107_R04-Scene-11-P58-B04_seg_0_cid_1
409904,0.6667044364619044,0.7252139138964855,0.17195922043599565,0.7382441236467573,-0.6108354043772897,-0.28613934133611235,0.10247345169869988,-0.3177182523088247,0.9426315843672862,131.9546422980335,108.99921105602374,55.757071345712156,142.16327209964828,629.2989890986988,943.429038605148,0.9885813970959981,0.9741487902491149,0,66,60.99832643740974,58.54878459346579,34.70363060619072,493.1344802685507,525.0,202137796,536,698,120.24491283250481,5.545777391908011,0.00048619529939020043,556.18708910707,0.7443249870823571,1143.4827660214514,0.11826255606172115,357.7762741699276,4017.743974978739,7.4845720092136325,11.840679617014477,0.00018000743482965355,4.884419795825364,-0.17174093832651474,0.9352504849339276,98046,454.72758705097607,500.57697740112997,72030,542.5093988615854,547.1505605979712,123776,554.3454304550155,553.0756372753865,1,1,625.6072874493927,247.0,0.0,46324,0.8622077867349245,11.334587112198319,6.624915387851662,11.723515522682183,13.368509674508108,20181107_R04-Scene-11-P58-B04_seg_0_cid_2
630315,0.31242524187006454,0.9449105252644832,0.09764510989716908,0.9244957867274461,-0.27881327020217234,-0.25994364905181083,0.21839873755503292,-0.1714854501220706,0.96067410282093,141.50511732178677,120.14642022528466,81.33101428495694,257.92204558839956,704.4132490653944,1085.0432340379703,0.9713369781818812,0.930555209615883,0,74,61.305683666103455,67.12048737535994,31.911988450219336,590.0297803479212,620.0,371904621,690,903,144.753877976172,6.029913204071654,0.0002799647624936842,320.49068584881456,0.8594273180538005,1168.2814250131294,0.11252016564192391,315.7909307198465,4352.635014203711,7.885453617721248,12.364465337291838,0.0001767079086504271,4.817654167869098,-0.21106992133010777,0.9689096055535534,120921,494.0417462640898,558.9240780911063,96535,621.6020096338116,660.8764450867052,267487,680.9357912720992,695.8607076841828,1,1,775.6432432432432,185.0,0.0,57204,0.9287561522886247,10.30766365223032,5.798573109902968,9.006270966468508,12.258206044107675,20181107_R04-Scene-13-P57-B04_seg_0_cid_1
493003,0.3558504338931327,-0.9343458443917897,0.01919145033244833,-0.9242621644582552,-0.3548992221136197,-0.14066269403821688,-0.13823863442977968,-0.03231694928271482,0.9898715546675982,162.08905053023892,148.64640884555035,51.753926145696965,104.79022861199641,1146.5767930669406,1696.3101642867011,0.9980900764489311,0.9958148113419006,0,52,65.83528294959666,76.78828120721374,29.160905714569687,434.192234124336,469.0,214058074,472,599,110.19203200004907,5.26360843336305,0.0006155140969600628,803.8850091325493,0.6954913988306152,1431.9041972389027,0.12506488952325398,367.94654865472427,4923.731779823093,7.298034613781611,11.595844957167385,0.00018485208292368875,4.920628743562582,-0.16218805921028218,0.9195276130145924,146919,420.5792443455237,397.92949942682463,103152,485.30154529238405,489.67021019569944,67265,489.2861071879878,495.40234375,1,1,532.0641330166271,421.0,0.0,64762,0.6957145365312644,17.584455173691275,20.694554314982415,19.26432774217913,21.714731688703214,20181107_R04-Scene-13-P57-B04_seg_0_cid_2
176153,-0.2534186714883167,0.014894332066651918,0.9672420254586672,0.41436715237580424,0.9051771979869664,0.09462612364686249,-0.8741160334721374,0.4247733502901908,-0.2355605249403725,91.67156863591637,75.9550522919267,60.58857269632418,159.37461299368914,252.38873758471536,469.9812745545977,0.9407472941636386,0.7754045136972942,0,84,39.081355412624255,38.6621119140747,51.36199213183993,1084.4219456949356,767.0,191024179,644,3338,757.0400561153758,7.5722410939167,0.000882004956071055,117.02828236392104,0.9830639557183527,3452.9417534660024,0.22715324735010317,163.89186715788964,13694.738731500085,8.189449673954236,11.892851573793468,0.00030613787788745484,4.237578052494348,-0.3484064752995514,0.9960728925211578,50723,722.5202965124303,745.72,30547,1385.3073296886764,1432.9316628701595,38132,1636.218871289206,1770.3178519593614,1,1,3015.7319277108436,332.0,0.0,25390,0.893057734108992,7.137572828811159,5.007030873505019,8.83242427078308,7.057995535685485,20181107_R04-Scene-14-P59-B04_seg_0_cid_1
397836,0.9970101317708443,-0.07156637461921493,-0.029138482632869993,-0.07713957781456908,-0.9438141769938361,-0.32134760749076346,0.00450362974431896,-0.3226345507370683,0.9465128968956611,158.0227548095985,103.05204935422805,48.43827481313102,98.46705662290384,562.4726252478865,1588.550739875195,0.9980770521871244,0.9845575776139529,0,50,78.17216642033401,49.895230698076595,24.44565851255291,499.52698850782735,538.0,198729819,551,732,127.72091594244944,5.555865036922283,0.00048168328764836726,594.1247383833595,0.7167768993765846,1122.528865215566,0.11100767054824952,338.5661041798413,3895.9907224789126,7.428817315318897,11.868708256122689,0.00016779214073703067,4.974757378830457,-0.15701826250012324,0.9193698271442254,105315,464.452081849689,484.38337531486144,78557,558.9207072571509,564.5781472684085,88213,567.9631233491663,568.2786732071946,1,1,612.1597633136095,338.0,0.0,48170,0.8098246783905253,16.175410434271708,15.284769257466234,20.347955272308642,11.0486698928674,20181107_R04-Scene-14-P59-B04_seg_0_cid_2
420527,0.6801184581575607,0.7327612472697395,-0.02235704303073674,0.7259392894252426,-0.6689072545430663,0.1599225840475058,-0.1022302838798588,0.12499615721834513,0.9868763497715862,171.51372892778517,96.33589119244277,46.23621021948263,102.86439367753073,477.3137089761296,1957.394319466829,0.9986182048791393,0.9765023193668695,0,44,68.49764462210511,76.3163435403672,19.62841149319782,493.75454608146447,530.0,207637118,542,688,122.5669996900225,5.518584077901747,0.0004517218382109093,665.0243251640857,0.7446748002992927,1391.3278622724551,0.1108496979884323,360.41126964976695,4900.287123925746,7.506266980694322,11.9346279509063,0.00016511155591944512,5.0052965161254726,-0.16815446976465376,0.9321976036264862,109673,457.65875830879065,497.8861283643892,80393,549.2489147065043,554.7818181818182,100992,559.456857968948,558.5811123986095,2,2,597.0012641353314,258.5,39.5,49298,0.8218378871693717,18.17834899720861,14.775836863924086,14.791213239196598,15.645363993583032,20181107_R04-Scene-14-P59-B04_seg_0_cid_3
378384,0.962470627137147,0.04928856547226201,-0.2668724961698253,-0.07151263919550914,0.9946757735845203,-0.07420274846209422,0.26179425955035707,0.09050272237740914,0.9608709709991023,114.80599738629867,94.38300632730973,64.63727325854684,201.7887842285675,481.36973505012537,705.1539060940739,0.9581810256127187,0.9078952657256717,0,66,57.94911782739228,46.71160249904859,33.901000042285084,696.0748498879445,745.0,263383586,791,1172,184.26745394260897,6.275900608721993,0.0002927176803591533,301.45391183909175,0.8480913572834675,1016.7858108133719,0.105864395736274,282.690348725288,3765.689331414394,7.810224175312275,12.385497719820052,0.00016496982394916882,4.89159339179476,-0.19043948542886074,0.957118429893968,84298,592.9054307338253,705.5597722960151,60930,777.7670441490235,803.5909519321395,134022,803.7127486532062,803.6044811320754,7,7,987.5375253997702,54.285714285714285,48.239622972094175,39286,0.9644073774762131,7.580209660894309,3.2981805504647417,10.209198322855622,6.33144187575087,20181107_R04-Scene-15-P56-B04_seg_0_cid_1
792352,0.6816722346916404,-0.704257338250147,-0.19835464696175611,-0.6986778312742637,-0.707044439981711,0.1092586288438592,0.21719174140928207,-0.06410742087907399,0.9740215531762307,186.54195745340422,143.7838534202805,63.6931824860865,172.9813568820399,1120.056543450125,1930.3843737884172,0.9959769494401111,0.9880021937475036,0,71,84.33064218932999,79.66898676345866,36.765850278664026,511.9537251120714,545.0,405647558,561,766,121.7163360646865,5.5015025112640155,0.000566178405145564,492.43598112967925,0.7631142337567771,1106.7948235092028,0.12445472553133602,334.7408712279255,3934.7433129071296,7.331483518860063,11.59820252416036,0.00019049935999931747,4.799878708995971,-0.17207413302714453,0.9308406563555038,178476,466.6328469934333,494.10963618485744,142023,562.4554332748921,569.9916805324459,256362,570.3859893431944,573.1833604777415,1,1,682.25,32.0,0.0,78206,0.7926490143052285,17.90817717946899,12.747683494510582,20.243125445882246,19.56389983968579,20181107_R04-Scene-15-P56-B04_seg_0_cid_2
436863,-0.2947678733199684,-0.9527841385355535,-0.07289915097918762,-0.9030287277932318,0.25280076067108337,0.3473195822067317,0.31249162810955466,-0.16820868217540066,0.9349089910800168,142.17691442980893,95.00364213329973,63.335558698787224,181.42050130016167,457.46074785333377,1134.2542368082577,0.9871256122840523,0.9179994873915183,0,60,49.71455124375376,67.8452787258248,27.84509789110087,626.0701226700362,664.0,273506872,693,935,150.78069832940767,5.980255153899126,0.00029157568970651746,412.61904272630284,0.8056941294111438,1102.6506181098227,0.10095662398071456,322.96776679885267,3997.9834297129787,7.771226430597459,12.421994843481883,0.0001557608197789523,4.99440727717491,-0.1757062309521936,0.9463669439789145,97329,555.2152801323347,632.0918918918919,72792,687.1703758654797,701.3600344530577,151424,706.6204234467456,708.368326442567,4,4,799.751973039859,119.5,36.18355980276125,44686,0.931915500211772,11.593502196105431,11.252796816666189,7.312122518792767,14.122293923793492,20181107_R04-Scene-15-P56-B04_seg_0_cid_3
844039,0.31785522675751593,-0.9452793622619032,0.07358656198422057,-0.9299047533470256,-0.32594991462746326,-0.1703930833600847,-0.18505459876894548,0.014268161622259965,0.9826246562336942,167.23896444131879,138.27231024981626,81.07189192454,316.1313113052063,798.0880906514333,1530.4865650038696,0.9784347623680664,0.9182027199213847,0,84,63.166480458841356,82.00060186792317,41.5982365743763,592.8638806974559,622.0,500400237,638,899,123.36603798658096,5.686271477715982,0.0005079373496898916,383.8551230394729,0.7703584133577436,868.668903604137,0.12188881844924288,322.9691559446532,3090.820491377074,7.363418939837619,11.735441473691635,0.00019212626784995588,4.748684373159828,-0.1647931854868654,0.9278057493140485,163100,537.8388228080931,582.6028037383178,121451,634.822397510107,631.9975111996018,366403,646.5960813639626,641.9504627681952,5,5,734.1375201288245,75.2,68.08641567890031,75904,0.8528307068375115,13.35566594493463,10.084906961114473,11.867005435490318,15.774182547965152,20181107_R04-Scene-15-P56-B04_seg_0_cid_4
985694,0.7297436562075945,-0.29691744860280705,0.6158849120898898,-0.6438334490550309,0.0047539000479177645,0.7651508938191456,0.23011450650203413,0.9548913179778807,0.1876962566163518,159.82750185862585,163.5776209803825,125.4552366310489,688.8935004580875,930.6526926580283,1162.0790040104791,0.8053414359843968,0.67235792698323,0,130,115.6413045022086,64.97743112974209,72.46592958869589,448.6934149949173,466.0,442274407,437,676,108.45064295129113,5.574010485568031,0.0006792840053296521,487.1962833351653,0.7783463789467238,1146.3434925447848,0.15919626714521468,338.99421749457906,4098.177686843968,7.549933316529856,11.522168399653859,0.00023881958072072523,4.582567042056321,-0.23511263513567013,0.9726826358110933,234559,415.3789707493637,423.10326699211413,139482,482.5520640656142,518.8931013051584,348168,507.1313877208704,527.4514150009895,1,1,602.2692307692307,52.0,0.0,112672,0.6363941419136252,16.44618803837222,21.077043096124637,21.172918416259527,19.183493891816802,20181107_R04-Scene-16-P65-B04_seg_0_cid_1
251539,0.8951320599686517,0.4449457020156619,-0.027602852643663616,0.4258097517815508,-0.8716844893288369,-0.24259473685811703,0.13200246400735063,-0.20540076270869834,0.9697349515072008,113.0749066032092,89.88075082519305,66.42456521921078,211.81933282692262,356.9878332530544,435.3076148206925,0.8736266157926194,0.8049433374090857,0,58,64.89035099924862,41.18060420054147,28.293020167846734,411.0232965862153,429.0,103388389,427,608,85.62402479625146,4.814755616996517,0.0017427467005265468,472.7176639526782,0.5693659644597248,576.4499235442574,0.1735837699462461,334.63521194766076,1833.0820302243576,6.597970335430091,10.424025798384623,0.0002765569880800555,4.38316126299513,-0.14616937397224333,0.8798606061237912,61885,407.7448008402682,427.515852613539,39912,438.02147223892564,436.57443820224717,79891,436.8282284612785,436.97104851330204,7,7,501.0351463483944,62.857142857142854,40.985811382646524,32688,0.8781629251325069,6.289564744759536,6.812696729539071,5.699464048311797,5.340396434690481,20181107_R04-Scene-16-P65-B04_seg_0_cid_2
635007,0.9992844767876004,0.03766822756480594,-0.0034116100975431015,0.037730963120533895,-0.9990733793707066,0.02070644959409792,0.002628473573877948,0.020820356983539005,0.99977977768194,366.7361442635922,162.6004065447275,41.22504432731875,59.851515619942155,1209.579397585744,5370.846686232554,0.9999379061937331,0.9987750520847295,0,41,165.2047646718855,69.60879171410708,15.104705932375548,365.45658079359754,412.0,232067487,413,538,107.63255576373238,4.625176309098718,0.0031512529392864774,1016.0697925848843,0.726309840915046,2029.3329273087052,0.20952266828415256,354.0441810204528,7101.261916649941,6.458123171484102,9.798561227954442,0.000305023585016835,4.387754237436318,-0.2106501068398795,0.9339589449897397,253066,374.81573581595313,399.7570596797671,81776,416.7815251418509,418.47757136384234,26942,412.9770989533071,412.3616352201258,2,2,484.4776380153738,40.0,13.0,104834,0.5110599540079628,39.898291127815114,39.8043964862727,43.70884334285363,20.59417472062577,20181107_R04-Scene-17-P69-B04_seg_0_cid_1
784367,0.623366937939295,0.7816936381258539,0.019201999837348008,0.7734077004223525,-0.6200029824902786,0.13204859192951604,-0.11512684140371325,0.06746375187258419,0.9910572398058947,174.15257734411352,123.27319350180352,68.94639746966546,234.9526422192437,779.0116634693824,1759.0945673012516,0.9910401181855799,0.9534334430650823,0,66,68.5044845078898,85.81007232583727,28.735904238704585,778.7384336668932,829.0,610816729,901,1511,212.19502641478869,6.533321076860494,0.0003284125145223697,198.96484148898665,0.890635392238554,926.0737896926584,0.1219770797880211,242.64363130630002,3505.330317281641,7.81089466365058,12.185578387224496,0.0001928500825009852,4.6643855539193035,-0.21743254137450765,0.9702883882912805,149613,616.496033098728,741.1299005266237,120138,851.0852186652016,909.5595084087969,333940,908.6568425465653,903.8393563218391,10,10,1158.8512822399293,89.9,145.15746622203076,68324,0.9001384181678321,15.328004105083837,12.152180161123484,14.57451187103155,16.19107588899145,20181107_R04-Scene-18-P66-B04_seg_0_cid_1
437867,0.9962683106100524,-0.05282430698785413,0.06825720376227813,0.07101727680482671,0.9511466709248314,-0.30046057442506,-0.04905099050395234,0.3041867896208898,0.9513487254160368,139.58971123726278,107.03474126625103,55.48652689002408,146.84093584268922,605.9419160104766,1114.4626328673219,0.9912817251502107,0.9701926336940473,0,58,68.74720177588172,52.56599835109748,30.093039667296235,558.1386448396431,599.0,244390494,615,823,143.5697285815039,5.811846672143262,0.00035448923541639454,484.6040433839283,0.7750705668018796,1131.5445251339538,0.10383829905191905,333.56231180608484,4041.574057151888,7.662260950966314,12.220691316495031,0.00015825548845627306,5.002552679943916,-0.17039758386436002,0.9391587702994967,104127,500.0184390215794,549.6727549467275,77573,623.10292240857,622.8785755983654,132633,633.9072779775772,637.8818415332938,4,4,717.2513520567616,109.25,36.23102951890824,46864,0.8905720676731204,12.405138344184593,6.863960309090224,16.042825634892033,11.46150243855998,20181107_R04-Scene-18-P66-B04_seg_0_cid_2
707833,0.03770764183455065,0.9980856607276727,0.04902190935778059,0.9531443514632432,-0.021187900058313027,-0.301772957974754,-0.3001565908338363,0.058104102616976634,-0.952118655545665,154.51217083683255,131.8017699452091,83.33413104042295,252.31578555810995,885.5855173235001,1361.0038557510832,0.9826651229429677,0.9585530581696621,0,82,65.81187794296112,74.48358723032128,35.881127328056195,526.2341936586737,556.0,372485928,604,852,141.9423839489043,5.989734821000358,0.00033760645209005355,363.39184454386395,0.8335990911753614,1132.4378487378613,0.12912592590980013,308.0382124923134,4166.359550407574,7.840062093485675,12.148703242922947,0.00019859097014390413,4.730602058578627,-0.22836586578598822,0.9746074236967128,167305,459.1620931831087,489.4543918918919,120393,579.0148430556594,608.0094339622641,222817,621.2234748695117,627.9998742770933,4,4,712.0981492915325,150.0,94.39544480535065,76064,0.7559503311776617,15.272325993276352,6.491981115168141,14.218313477762814,18.035411362919245,20181107_R04-Scene-19-P68-B04_seg_0_cid_1
571282,-0.8218889758548085,-0.5600290946529899,-0.10423974534929892,-0.5120262724980955,0.8064761631454388,-0.2956776869327771,-0.24965497719861343,0.18964074303894654,0.9495834776045737,160.39496983428415,123.11252146983225,56.39444155614842,144.5949726583094,758.254580299988,1465.0653281195296,0.9951177065079349,0.9816494335495867,0,63,72.59933097839595,69.78022762838668,30.646531835415786,465.27913009686984,496.0,265805592,506,657,107.37567644410962,5.223871584177439,0.0006402291278692073,521.1782880565265,0.7081122823604493,950.6980342330688,0.12306908243991224,354.8344623607673,3281.6138488757415,7.147236652532657,11.416565034943487,0.00018992983755928896,4.798962796259422,-0.14990983699840316,0.902909611109081,135211,435.2974314219997,470.57419017763846,101452,509.11812482750463,510.2273269689737,174453,514.4537554527581,515.2528871779687,1,1,558.5949720670391,358.0,0.0,58840,0.8481401370507254,14.546713205172969,11.801762656914846,16.008969021372874,13.460431112692198,20181107_R04-Scene-19-P68-B04_seg_0_cid_2
79320,0.9817876012186015,0.18381901117997845,0.04799663761388926,0.18667377285646072,-0.9803387535679656,-0.06394396594161128,-0.03529884730354039,-0.07173910636202736,0.9967986215868374,74.66123487629778,60.852557451055205,32.805838528928,62.37581448159414,177.90180848357923,272.6839514209669,0.9734857524732402,0.9365180613216025,0,31,36.55503025718608,30.059430156328794,15.322377710539586,396.1583081190116,438.0,31423277,440,496,107.36083787813871,4.4679432577894005,0.0016310503225092467,1377.0709981124635,0.4871612526284499,1464.810915555726,0.12132040838164532,412.529679713636,4482.172664110423,6.3348423916252194,10.430333945470455,0.00017945573570927846,5.035695797074256,-0.0962047397894232,0.7622262943397627,28232,403.18379852649474,432.97677595628414,13580,441.5782768777614,441.9483282674772,7667,443.0284335463675,442.82275931520644,1,1,450.7519083969466,524.0,0.0,14932,0.8879589689732439,5.153963612804886,2.810348946118018,7.068395142979045,5.078837030318179,20181107_R04-Scene-20-P67-B04_seg_0_cid_1
