dna_volume,dna_shape_1st_axis_x,dna_shape_1st_axis_y,dna_shape_1st_axis_z,dna_shape_2nd_axis_x,dna_shape_2nd_axis_y,dna_shape_2nd_axis_z,dna_shape_3rd_axis_x,dna_shape_3rd_axis_y,dna_shape_3rd_axis_z,dna_shape_1st_axis_length,dna_shape_2nd_axis_length,dna_shape_3rd_axis_length,dna_shape_1st_eigenvalue,dna_shape_2nd_eigenvalue,dna_shape_3rd_eigenvalue,dna_shape_meridional_eccentricity,dna_shape_equator_eccentricity,dna_position_lowest_z,dna_position_highest_z,dna_position_x_centroid,dna_position_y_centroid,dna_position_z_centroid,dna_intensity_mean,dna_intensity_median,dna_intensity_sum,dna_intensity_mode,dna_intensity_max,dna_intensity_std,dna_intensity_entropy,dna_texture_haralick_ang2nd_moment,dna_texture_haralick_contrast,dna_texture_haralick_corr,dna_texture_haralick_variance,dna_texture_haralick_inv_diff_moment,dna_texture_haralick_sum_mean,dna_texture_haralick_sum_var,dna_texture_haralick_sum_entropy,dna_texture_haralick_entropy,dna_texture_haralick_diff_var,dna_texture_haralick_diff_entropy,dna_texture_haralick_info_corr1,dna_texture_haralick_info_corr2,dna_surface_area,dna_roundness_sphericity,dna_roundness_roughness,dna_roundness_roughness_xy,dna_roundness_roughness_xz,dna_roundness_roughness_yz,cell_id
573142,0.4792433934418339,0.877045303989867,0.033426106439090955,0.8766053345891941,-0.4764223538634563,-0.06771135878839424,0.04346098494193205,-0.061751724579360956,0.9971448577309878,149.30667596398305,115.86587731235342,61.58105610215535,195.3446852192215,689.2713484445272,1215.3950292354725,0.9869991843799867,0.9589995704737124,0,58,181.83622208806892,96.79063827114398,29.8497440424886,416.53787368575325,443.0,238735350,446,567,91.69819167342851,4.586534454394795,0.0020416743643432923,593.3009519796842,0.7469708607191895,1254.7324863529905,0.17328522911733793,379.9659275551496,4425.628993432272,6.267386220248254,9.968253988682191,0.00026974241165510693,4.3861148258281775,-0.13836658707389923,0.8577751704603642,55042,0.9094598674053586,12.241858659038748,7.0397194758861055,11.590163448999446,15.0353140345558,20181026_R01-Scene-01-P3-A01.czi_nucWholeIndexImageScale.tiff
749650,0.6838392434363084,-0.729388702730819,-0.018868213087370734,-0.7296321527566794,-0.6836419454219845,-0.01645029249886406,0.0009004443963976984,-0.025016210510339226,0.9996866401085849,176.74266609603717,125.17664358481153,51.46344355981463,167.93861747485218,881.3050970640791,1912.1521500477052,0.9961357413830222,0.9816761852218987,0,49,144.91433468952178,196.36447808977522,25.21845261121857,429.91453344894285,457.0,322285430,458,592,95.37368572888018,4.7535374644655946,0.001656838357716331,559.4405936813775,0.7615950083000615,1262.4004045985303,0.16495043675160537,375.4747156020027,4490.161024712752,6.467980022748298,10.26292965707595,0.00025428264067610076,4.461827051951819,-0.1472013647370787,0.8778805834987244,66446,0.8985854346655235,16.903665437202573,9.487211084171928,17.818067369933686,18.697270114474417,20181026_R01-Scene-01-P3-A01.czi_nucWholeIndexImageScale.tiff
641432,0.8139828388101443,-0.5805422315878926,0.020066276822776168,-0.5807561390330185,-0.8140496423701172,0.006744385260752314,-0.012419545001315074,0.01714342731293967,0.9997759037914077,162.8982408761305,123.46618852124766,50.15131412156558,160.97917597302043,842.8291885907697,1546.2105366031337,0.9945655721829781,0.9815903134449006,1,51,146.28047867895583,180.41947392708815,24.599767395452673,431.9482111899625,460.0,277065405,463,600,95.23514987475156,4.798805046101647,0.001582827376202334,531.9308885735691,0.7635085952218739,1224.6032888428526,0.1624551703642128,372.34104534056326,4366.482266797845,6.511817122132588,10.304824955983708,0.0002514225331331144,4.453246392356434,-0.15270371530813553,0.8877710620135614,59414,0.9087151684860945,15.064061027974617,8.083328983668377,17.245584039171572,15.961451063421908,20181026_R01-Scene-01-P3-A01.czi_nucWholeIndexImageScale.tiff
598881,0.9678267135210832,0.251579295774751,0.004394375093188766,0.2515905750549552,-0.9678311939853428,-0.0022276652402944456,-0.003692578840885164,-0.00326157728504187,0.9999878634139104,138.69607847738024,125.08586599199668,62.16836041769635,232.4961432771745,741.2894210722785,1055.188264090347,0.9754239955678592,0.9495428023121362,0,62,131.35993962072598,107.86432363023705,30.01773808152204,430.0051746507236,455.0,257521929,458,633,90.78270360822992,4.672480836257881,0.0021970521067975896,485.7430977797433,0.7369886456678099,982.3882866890373,0.1791820828597979,350.95521999079943,3443.8100489764183,6.211489968137842,9.883119653457832,0.0002829378943094232,4.315845954620103,-0.1350345108286085,0.851556778266343,56858,0.9064416969755953,10.78808690439372,6.061431493871742,15.248546333329386,11.859149104219927,20181026_R01-Scene-01-P3-A01.czi_nucWholeIndexImageScale.tiff
835852,0.5673257206774092,-0.8227822300754054,0.03421883297251592,-0.8230089750457369,-0.5679274215655125,-0.010708446578020905,-0.028244533135169312,0.022087229479760377,0.9993569935923221,157.98525569906198,124.6854706379671,73.42529156507162,293.10946304884146,840.9767989998218,1413.5746947032926,0.9782661110110186,0.9372959369290054,0,71,77.76022908361767,132.22781066504598,35.790763197312444,446.88695008207196,464.0,373531351,460,665,83.77635454261409,4.906354619733923,0.0014527414608046503,384.5901216312848,0.7309415740909955,755.9279707528289,0.1706767646918235,346.298059421421,2639.121761380037,6.591268136048989,10.33278984997303,0.00027366681061589086,4.314398715105144,-0.15435095507165342,0.8909386833255142,70538,0.9111716492357629,12.261200944326415,6.499055320766538,12.696935965370141,14.946409790719272,20181026_R01-Scene-01-P3-A01.czi_nucWholeIndexImageScale.tiff
511619,0.4066298897625771,0.9062666755030477,0.1154679419766718,0.9107753089649072,-0.392206220087328,-0.12908376158405127,0.07169706640827292,-0.1576546662724069,0.9848880834241949,134.75637726241692,109.61329828296195,68.86283440655659,224.8389749287921,618.5340656835772,915.9897888692873,0.9694066862578895,0.9315930361034973,0,68,137.24993989668093,148.47581110162054,32.44250506724731,431.9779660254994,454.0,221008135,455,587,84.02970713116524,4.715866490176712,0.0017261642727865413,529.028187654675,0.707053240700633,961.2103588790275,0.16616960586744586,380.04475508910895,3315.8132478614325,6.409557432953023,10.199828505910004,0.00026364414394011303,4.393279092830596,-0.13501916187907248,0.8586919870592891,49814,0.9320265688837335,9.396689343005875,4.25174717118281,9.852352890143283,11.672036815567266,20181026_R01-Scene-01-P3-A01.czi_nucWholeIndexImageScale.tiff
536988,-0.14606365710415967,0.9868462977048118,-0.069280536802656,-0.9532265367114786,-0.15912840529240485,-0.2569772759178064,-0.26462157467296343,0.02850500544468782,0.9639309554538641,116.03776887638075,112.02253684488544,89.75599038252278,376.9570180238493,618.4620922558004,763.697412197393,0.8696920388582573,0.792780632390734,1,84,95.20409953295045,194.17039673139809,44.63607007977832,440.99435555356916,458.0,236808677,446,589,85.00120262425663,5.057485812229177,0.000937370612382962,532.0105187912343,0.7186969050730921,988.4528918129788,0.15521825941378836,386.3797071687372,3421.8010484606584,6.975877713820093,10.931644287966167,0.00024114751395618053,4.51917371175883,-0.1682474953722551,0.9201592455045184,58014,0.8260515119372928,10.20585411150336,4.604609074622501,12.955052275548974,15.150887467861333,20181026_R01-Scene-01-P3-A01.czi_nucWholeIndexImageScale.tiff
488876,0.4102761111950684,0.9091040601542121,0.07213404462373317,0.9019981778507621,-0.4161824821732267,0.1148539450172998,-0.1344351134806557,-0.017942946894502664,0.9907599360693711,139.769389128079,104.40648462667986,62.33984311322314,206.54003157521637,524.5354482138237,1063.730059279101,0.9809687201092288,0.9192141391408033,1,58,136.86126134234448,116.05668103977287,28.82098118950409,419.0488917435096,446.0,204862946,449,572,93.13211684225274,4.539730730860189,0.0022689203082646467,602.3623808812092,0.7470878419166933,1270.058695715687,0.17447237873977883,378.9803080364915,4477.872401981514,6.159076133565547,9.845591797628014,0.00027132511070429544,4.3828075526770105,-0.13115880609112254,0.8423834217603012,47302,0.9516631307539574,10.498435344718601,7.1357458240842435,8.671104895689677,12.719106226210341,20181026_R01-Scene-03-P5-A01.czi_nucWholeIndexImageScale.tiff
422067,-0.2845970619087261,-0.9585396126927319,0.014363956689851756,-0.8923706557731713,0.25941708983681017,-0.3692930898562285,-0.35025579947786833,0.1179177018070983,0.9292019643396433,136.88671445206234,94.56327004169331,72.47505868643034,196.36834989369285,399.19361141046005,1133.533234490516,0.9848804062920267,0.8706446099532659,1,60,97.33577133488285,102.39665740273463,30.261430057313177,422.6584760239488,444.0,178390195,444,621,81.95883076651089,4.5537746408865125,0.0026779472085339305,481.4779820002528,0.6855824068140006,811.381075017014,0.18649952809980253,351.51020354027787,2764.046318067793,6.053091279332246,9.645026682666819,0.00029927463314230365,4.241724349153407,-0.12319975761835493,0.821868845054664,45068,0.9023092961082392,11.444643628437596,10.289248889610782,6.494332371334605,13.488774209197416,20181026_R01-Scene-03-P5-A01.czi_nucWholeIndexImageScale.tiff
455793,0.5650026892123852,-0.8240082122610269,-0.042218802791636416,-0.8044604985290564,-0.5387847524186106,-0.2501085701602378,-0.18334466855939732,-0.17527537387665856,0.9672968912506864,144.49292308960813,96.72946473833649,77.22350651823771,245.96171409014025,425.92181552554257,1031.8035969466625,0.9711718712006997,0.8164041941057469,1,68,81.00708216229737,98.12827314153574,32.52936311000827,418.46163719056676,441.0,190731885,442,563,82.88776003585446,4.547333087655709,0.002230789621925813,581.087508950898,0.6951023108537773,1010.8974206502294,0.17729344325263405,384.1163731663113,3462.5021736500294,6.193168535584599,9.889388221993858,0.0002825136644981402,4.326116731380111,-0.12580112597074808,0.8333175246062205,48018,0.8932355180656424,10.39460088275158,11.131581981916899,7.21539625410041,9.206280014034864,20181026_R01-Scene-03-P5-A01.czi_nucWholeIndexImageScale.tiff
377831,0.4466209754381588,0.8936893886946056,0.04299977713116223,0.8918681925084566,-0.4408451057278196,-0.10112724631634169,0.07142010564516027,-0.08351568290141563,0.9939438108963424,131.29660939539093,87.45868774818796,58.99031826590347,182.49790549660952,381.03876942607013,1023.7120958372753,0.9839814763645336,0.8778430604786235,0,56,141.0983270298096,105.89212902064679,29.321747024463317,410.5816224714224,436.0,155130465,438,528,87.56705159724991,4.41904964866922,0.0022681341630469937,707.6923120423087,0.7086672211175908,1294.362205777601,0.17389633313824537,402.5394344031924,4469.756511068097,6.1255166108803545,9.81517826700735,0.0002726996767207726,4.396144720592003,-0.12371541911682972,0.8237651271964442,41012,0.9247833225224146,10.825658583919827,9.189244010342856,7.482662288202801,12.041679237372035,20181026_R01-Scene-03-P5-A01.czi_nucWholeIndexImageScale.tiff
345759,-0.9832893129207709,0.16473173779642114,0.0774956879985548,-0.1717913454966215,-0.9804913348677377,-0.09552212236828964,-0.06024832535646649,0.10723897058370753,-0.992406137868911,117.34138823860104,104.81602485039046,58.83890348339748,157.02214958936884,565.7919142492877,682.782089894602,0.9731967658241436,0.9607180335552749,1,57,111.59015672766292,105.63777370943345,30.280209625779808,405.07622361240055,434.0,140058750,436,525,92.4460112400292,4.464019780948204,0.0021475461777738353,762.8795213155191,0.7236456829642616,1476.4115090670384,0.17183554075909754,399.94274857935164,5142.766514952619,6.161528134926754,9.887999338284441,0.00026671265935595076,4.433432475356408,-0.13301746861987082,0.8452612269979239,39216,0.9119968491372483,8.981717017252729,4.158463113103696,12.339396354381003,9.857286109468243,20181026_R01-Scene-03-P5-A01.czi_nucWholeIndexImageScale.tiff
398143,-0.7464135881384505,0.6624293721228811,-0.06367167652236831,0.26307853955551647,0.38160253072385913,0.8860977319520025,0.6112744371128402,0.6446447358770815,-0.4591042659770742,122.91218885079564,109.29569725023033,89.17150574396621,208.45214673118062,597.4191040664787,1080.4074484283165,0.9812108598871128,0.9371520941357816,1,98,148.67844467942422,124.10287007432004,52.0789038109423,470.21357401737566,493.0,187212243,502,661,102.46872792977582,5.415005181002273,0.0006343781519115363,627.7618360243375,0.7181962411276099,1146.107457120693,0.139375368462629,368.6778282541754,3956.6679924584437,7.323437752633367,11.464856087509279,0.00021178163347219828,4.717679423949997,-0.17928216454821924,0.937755408249382,59122,0.6643254663176467,12.408829502878655,15.615584392327294,13.674929925755924,10.832334853422257,20181026_R01-Scene-03-P5-A01.czi_nucWholeIndexImageScale.tiff
687302,0.5169693763317627,0.854260698934183,0.05460148525113068,0.8375756835037815,-0.5179741431903924,0.17369444835501271,-0.17666249839261802,0.044061834308843244,0.9832847585613326,167.52401727208974,139.331423355006,63.260861683219915,174.77672420673932,888.6433696980284,1546.2935487003683,0.9935916370725251,0.9804681074011095,0,56,133.81496925660045,145.54922872332688,28.222647395177084,453.2567386680091,482.0,311524263,487,680,102.03523346595571,4.989500794582709,0.0014340048581089882,485.4344656788975,0.7629496539895473,1098.0304089704919,0.16233225981332444,344.920253865361,3906.6871702030644,6.640458077377703,10.466506623390142,0.00024900154578975204,4.48631353862819,-0.15906249132824207,0.8981778619170044,64426,0.8774067807631686,15.053538139149394,8.672210262535863,15.007309034847657,16.940953613924005,20181026_R01-Scene-03-P5-A01.czi_nucWholeIndexImageScale.tiff
699785,0.809204656163141,0.5792611721050952,0.09820549340706074,0.5640708413186201,-0.8127268308981929,0.14594240066644182,-0.16435300550338822,0.06270241486268038,0.9844066724440623,149.5438193620112,130.58017711788273,62.072404899476126,196.8970018785371,929.8916058701518,1309.3910795246813,0.988629341726896,0.977325623296447,1,65,229.15958187157483,118.25828361568196,31.80329101081046,420.66017848339135,446.0,294371683,447,583,90.1407657076801,4.603150264013014,0.0021181276118144706,537.6932765496864,0.7480530187679046,1146.4525579602962,0.17519203126839725,372.9096567555135,4048.1169552914953,6.24211578906875,9.937259100092108,0.00027496620565379924,4.343117704273952,-0.13698114726798075,0.8550350381239886,64232,0.890771409255431,13.03787911546856,4.7824581716790995,16.459003953217227,15.01123618224689,20181026_R01-Scene-03-P5-A01.czi_nucWholeIndexImageScale.tiff
684512,0.9104523324991863,-0.41085010005803024,-0.047736207736868944,-0.41285463726705246,-0.9096983458271658,-0.04472100274377509,0.02505192076231619,-0.060424455989482186,0.9978583498595849,154.38433308367448,114.12676863311047,68.53197146000106,247.98979929079633,663.6859886247906,1422.5572092879402,0.9846878582968109,0.9275676272656469,1,68,144.89000192838108,94.34187859380113,34.6603083656678,428.27518290402503,450.0,293159502,450,564,82.34829160800807,4.594604556231443,0.0018727281184264472,527.6937055040897,0.7187404737727997,1004.0885524984668,0.16619078090344602,391.82389130308326,3488.6605044897856,6.266305901057213,10.0661212663299,0.0002638167220741252,4.382598271328376,-0.12300958427730659,0.8325718364053907,62486,0.9020698779894397,12.677579199553886,9.35929683787925,15.856846026570002,9.380550519789606,20181026_R01-Scene-03-P5-A01.czi_nucWholeIndexImageScale.tiff
541249,0.23500925556779315,-0.971783519738153,-0.020185156992172083,-0.9677444585908191,-0.23199198584207578,-0.09823635463418089,-0.09078167581750166,-0.04262052639723276,0.9949583800669197,148.54849114637625,125.37147132558468,50.92798975878644,128.06467676747886,894.7110760415603,1280.7554876340175,0.9949882902201673,0.9897031401264634,0,46,139.0141894026594,136.98977180558302,23.64753930261303,427.8047663829402,457.0,231548902,459,642,97.52640557280365,4.799792518395324,0.0018021173770525571,497.8348845405642,0.7603298238302899,1127.277934256609,0.1726702783768341,344.8629172789513,4011.276852485874,6.454540428829265,10.129779095376263,0.0002670505655978789,4.397096041979608,-0.15721881934688808,0.8886712485366157,53096,0.9058919480501354,14.121259372219592,4.918181354181798,14.062469140184826,17.302988038245672,20181026_R01-Scene-04-P6-A01.czi_nucWholeIndexImageScale.tiff
426041,0.8255698202874246,0.5633718504316451,-0.032351661036392525,0.5640428168601832,-0.8255669785253371,0.017171625344599813,0.017034452706784345,0.032424097670856904,0.9993290275535937,140.2011477656847,101.8786246179174,48.198943226959415,135.06866895948974,569.1510304918482,1171.0094696087172,0.9933256315944309,0.9714324973756729,1,47,146.75806553829327,86.40574029260095,24.196178302088295,421.13380871794027,453.0,179420269,454,588,101.11517082513039,4.745886029475832,0.001677407489890684,633.6578512440932,0.7623197700941993,1438.3713949742685,0.16632118265158244,371.3406681914614,5119.827728652968,6.506034724413967,10.231709517888978,0.00025184610802630244,4.492078101262182,-0.15681228287129362,0.8902889784746542,45548,0.9020374431737824,12.712676791417053,7.51405844517648,15.02184211042975,12.372757954080315,20181026_R01-Scene-04-P6-A01.czi_nucWholeIndexImageScale.tiff
912454,0.023369057528516913,-0.9980248189375269,-0.058312502389670846,-0.9971439114478694,-0.027459203507688597,0.07035632171430747,-0.07181857011019273,0.05650179578951327,-0.9958160673838756,172.09778895484658,137.1165139164184,66.7496291270372,238.33480869587572,1048.682577311656,1636.8107096940842,0.9893421759829933,0.9738316257469893,1,66,167.02448561790513,245.10310327972698,34.893327225262865,440.8847799450712,464.0,402287081,464,706,93.56842311209061,4.898097779269185,0.0018535637814119828,371.04917185245387,0.7677760674389099,854.4331902959009,0.18384552638754922,322.25754585930383,3046.6835893311463,6.454669008252795,10.109597321640713,0.00029203399694331943,4.249446264977473,-0.1623186356005998,0.8975170562553914,74600,0.9148421793432462,14.579958897944264,6.829346445244695,13.02454340043399,18.812666145657612,20181026_R01-Scene-04-P6-A01.czi_nucWholeIndexImageScale.tiff
494167,0.7754422702540185,-0.6301467195363345,0.04005492929577951,-0.6240101247332327,-0.7744895846659153,-0.10381352259909764,-0.09643987626344327,-0.055506712221270876,0.9937898948795348,145.6683779982735,113.42692133203768,59.53325322522996,181.1868879353118,577.2679118404486,1153.268051301463,0.987581531026467,0.9494660770148801,0,59,75.504631025544,98.72990507257668,27.121380019305214,424.97583812759655,450.0,210009035,453,613,89.20955609463357,4.668003243738828,0.002157505288789185,518.2417975666365,0.7245266849495711,1007.3828481022731,0.17606173456962043,358.5008596375044,3511.289594842465,6.265920629829562,9.934261884869006,0.0002777175596218493,4.345339970723266,-0.13868468435855102,0.8584034306731888,50728,0.8940929909057912,11.830899342406665,7.267806998567616,12.52767529171222,11.30982471348231,20181026_R01-Scene-04-P6-A01.czi_nucWholeIndexImageScale.tiff
629847,-0.261213661653308,0.9649894513675623,0.023723020781557913,-0.9634781886335012,-0.26214838714617894,0.05466263023459981,0.058967813196515104,-0.00857798729234992,0.9982230287570175,141.17971141669477,126.57787420075324,61.00192209500381,203.0259643490936,866.5715737660761,1083.7982856045007,0.9822973844963299,0.9721676123793275,0,59,142.617410259952,133.44617184808374,28.94709350048504,437.38157838332165,460.0,275483475,462,596,88.48344564892737,4.779144238530592,0.0015674808028417623,516.3855403219225,0.7371983458444089,1055.0585606133563,0.16252544295821353,378.8871783689962,3703.8487021314995,6.502987381580687,10.31867812212066,0.0002554078354827554,4.428202556266992,-0.14253273052741144,0.873559496207634,57692,0.9240027370577089,11.421568716716008,2.8483540590868914,12.473200265161447,14.396195336585256,20181026_R01-Scene-04-P6-A01.czi_nucWholeIndexImageScale.tiff
471784,0.9011778845704287,0.43020991704376954,-0.05289468440552577,0.4310005323623103,-0.9023428290063776,0.003995002399510167,0.046010449514998684,0.02639784494916243,0.9985921050746734,121.11611531458534,105.39482445165747,64.69666567301623,230.927230468586,588.7680278766162,782.1550360472614,0.9554216296987944,0.9198709834148237,1,63,106.13083953673716,72.5299819408882,33.862297152934396,434.84846667118853,456.0,205154549,456,593,82.9740414418345,4.64521571189557,0.001824298752977024,516.5375327199567,0.7021893250893669,916.938185924147,0.1675335917213497,378.4100157911263,3151.215210976639,6.322250081297062,10.066244066044353,0.0002669850444668581,4.375876346123906,-0.12560949855300346,0.8351942620968065,45134,0.9705490851864136,8.010917095540263,3.4910580343999382,10.225972534636194,8.712473804312094,20181026_R01-Scene-04-P6-A01.czi_nucWholeIndexImageScale.tiff
488857,0.7470252643497143,0.6647282088322258,0.00946904461601613,0.6647441224068303,-0.7470689241915213,0.001809484151951862,-0.00827684413364596,-0.004942761376356297,0.99995353040087,141.2955205521756,108.40744764321359,47.9136529683458,162.5523211336332,631.4457736092979,1166.8001500654607,0.9902481690311151,0.9662972722396495,0,47,121.13956433067338,73.1302037201063,25.014556404019988,447.46297178929626,467.0,218745406,467,618,83.60641953853695,4.797780208814327,0.0015283129848714639,471.70914483962974,0.7162272374695481,879.1045309512606,0.16255850530527388,373.30561647216416,3044.708978965424,6.5033172509785215,10.309314866437479,0.00025638389657003805,4.426909274000969,-0.13409265688801655,0.8560693014989001,46564,0.9544955856100032,12.324062425605526,7.051456578989097,13.866455232263426,12.653964139512512,20181026_R01-Scene-06-P8-A02.czi_nucWholeIndexImageScale.tiff
500835,0.9954212238287318,-0.090922311309455,-0.029491023336883134,-0.09148118795090569,-0.9956407055888321,-0.01818729297239372,0.02770883257015878,-0.020801891277457678,0.9993995707007682,187.22486534446875,98.63621680176358,48.22165889873714,126.6474572432837,506.05788593375036,1987.758592624236,0.9979682180638862,0.9681779470326637,0,49,155.40731178931185,94.50111713438558,23.388952449409487,408.4322641189214,438.0,204557173,440,547,93.94613527023563,4.574740717196799,0.0021414215376558132,690.6101533697718,0.7366240190432057,1420.7157211553697,0.17299114537582794,386.981816693276,4992.2527312517095,6.275040471982167,9.977675673789276,0.0002654806297416205,4.421419174519017,-0.14767567959803884,0.8711944678753272,52694,0.8685841572301489,18.265898166387984,15.06002079787,25.08503301719338,10.233994412325053,20181026_R01-Scene-06-P8-A02.czi_nucWholeIndexImageScale.tiff
600401,0.7813385393996003,0.6231443436787137,0.034658531274771545,0.6239896470011044,-0.7789067398304251,-0.06277906563636852,0.012124656050194624,-0.07067826814491329,0.9974254734704244,148.2277243898198,121.85370524026324,54.81904579655249,175.3498156662702,811.3945203390617,1286.2630170269697,0.9906641672548954,0.9763692008371445,0,52,155.03322945831204,160.46400822117218,26.82371281859957,447.8822370382461,474.0,268908943,478,665,97.65421405837132,4.957543308694203,0.0014122086689638143,442.99055291677854,0.7730040614099738,1055.4557411672226,0.16199526255022223,347.9422238096308,3778.832411752123,6.615075299899052,10.436358933103081,0.00025174098711000975,4.438859476281868,-0.1569157965349205,0.8963886653949996,54648,0.9439622213864092,13.31421388015171,6.395146788227175,16.357996898758508,15.60309488670918,20181026_R01-Scene-06-P8-A02.czi_nucWholeIndexImageScale.tiff
525158,0.6552533517361203,0.755331001020063,-0.010868483638941693,0.7512152868064138,-0.6530620162735375,-0.09584151380847089,0.07948986040331374,-0.05463590210448568,0.9953372696198465,148.12359674389612,111.7340264177917,54.30914145134484,148.3719863606461,693.0998418988725,1319.938324550614,0.9936621057281987,0.9768182898309232,1,50,157.91945471648532,131.55329062872508,25.499910503124774,425.93863180223855,453.0,223685080,453,604,92.81285894482318,4.685693269960994,0.002031409217859465,552.3403513214163,0.7387603142386051,1136.7060205838245,0.17187218432774734,364.7666006775587,3994.483731013886,6.3069602975993755,10.018531268523144,0.0002667577021329648,4.391731342937348,-0.14276712782251905,0.8656455372372219,51162,0.9197530969854629,13.509993233078601,6.960046463223834,14.37928728363329,14.991167172093023,20181026_R01-Scene-06-P8-A02.czi_nucWholeIndexImageScale.tiff
531018,0.04814221422599058,0.9986601647121425,-0.018979004887907727,0.9980875671316192,-0.048834868900493614,-0.03789939203677515,-0.038775450309498666,-0.017118148164681622,-0.9991013129091101,141.27213695777164,120.00299736946056,51.7653360115965,157.12284009815812,802.5658961093449,1100.2525474278307,0.9897506761732506,0.9806487161905906,7,58,94.26154668956607,89.31808526264646,33.32985699166507,422.7214011577762,451.0,224472673,453,574,96.88958345769693,4.724171204010372,0.0017704096791995017,612.7699755110699,0.7616769544984868,1388.52068780018,0.16683295197103162,381.1805568736298,4941.312775689645,6.451302706537918,10.231696810476452,0.0002540993061603153,4.46659289899738,-0.1503223465400157,0.8820108549091065,51068,0.9312067873871784,12.299279560872025,3.583118854538888,12.730347937306405,16.619664684617465,20181026_R01-Scene-06-P8-A02.czi_nucWholeIndexImageScale.tiff
473375,0.39656661542720717,-0.9178025124107198,0.01932531348206989,-0.9151516769470178,-0.396904757685577,-0.07045581244734016,-0.0723348305429061,-0.010254830038772719,0.997327684741181,137.02418713928625,109.6263881545324,56.889900716925354,173.34593652159475,632.0576832640683,1026.570503192084,0.9856401726687188,0.9616565732221172,0,55,101.44375811988381,99.45574438869818,26.79050013203063,434.1692674940586,459.0,205524877,459,588,91.59775162455911,4.755562229498199,0.0015504693471973417,607.6702242077049,0.7204931588776217,1157.4111351116157,0.16140263363836999,381.90127548016005,4021.974316238757,6.515593654786472,10.323774669948392,0.00024985644349151414,4.492717879728425,-0.13929566495772627,0.8656163299248696,48430,0.9074930432798969,11.27271142892867,6.690943956439823,10.910874944875829,14.029947679192748,20181026_R01-Scene-07-P7-A02.czi_nucWholeIndexImageScale.tiff
508637,0.9794910997977266,0.1992508314067485,0.029938129546771098,0.19908560121997082,-0.9799458252737883,0.008432254464649418,-0.031017878778578867,0.002299067679133312,0.9995161857038054,150.94248882094604,132.10407752887974,43.92231082421463,106.81253564256444,997.969647927827,1201.8364102513924,0.9960428375594057,0.994255808387884,1,44,162.83130601981372,82.03199138088657,25.220056739875393,402.38103205232807,434.0,204665881,434,520,95.08546188272197,4.522455961895435,0.0019686602175818775,724.7737697889869,0.7553401458494181,1627.9736355617385,0.16860302199749103,401.163441752034,5787.1207724579635,6.282138658011293,10.024319815383977,0.0002584383108770103,4.477441671143469,-0.14743336356607586,0.8708904653781476,52860,0.8735681155140361,14.512041690587951,3.2312070709312093,18.493225249695712,15.84547717794514,20181026_R01-Scene-07-P7-A02.czi_nucWholeIndexImageScale.tiff
638640,0.3794843663410062,0.9251980075918576,-0.000512299543417704,0.9197600032883313,-0.3771938207621644,0.10847284420484815,-0.10016562311399084,0.041634941178021856,0.9940992805647173,165.39186123516717,126.96712262362924,59.000704300038805,175.57429913094543,806.8352157859438,1422.9924420374869,0.9923590193500832,0.9760361098975779,0,57,130.9141770011274,103.33942283602656,27.435848052110735,420.34859858449204,447.0,268451429,450,547,91.77026125742138,4.630650853064875,0.0017453126649064194,656.7846861295204,0.7387096885719939,1348.5201681056446,0.16344982670523137,397.55508730763364,4737.295986293045,6.361139183307946,10.195507470416711,0.00025211697349333367,4.476830600275504,-0.1354544134400034,0.857424783907696,61014,0.8812068182334942,14.035954336676578,7.031903343625235,13.420840121544398,17.47743955953298,20181026_R01-Scene-07-P7-A02.czi_nucWholeIndexImageScale.tiff
623889,0.7498309639132094,0.6590243052159102,-0.058655696157102206,0.6550575833079957,-0.7269956527624585,0.20585646313675757,-0.09302197647693732,0.19278040875351835,0.9768227197875521,159.42691784865372,125.48312057200964,62.69290682325378,183.86474477257943,781.3299109514637,1386.5987731116704,0.9911694637047243,0.9719172692941707,1,60,119.24141634168899,114.14178323387654,34.52495075245757,449.3714907619785,472.0,280357930,474,635,88.31811634391666,4.903765198222969,0.0014655054110898973,459.41810248378437,0.7357468536970091,927.3749475401821,0.16130100162659117,365.1678942247797,3250.0816876769295,6.578409797107836,10.435901897213265,0.0002542680227748461,4.4410038778203225,-0.14423548637540679,0.8779869336749867,60110,0.8764201684746294,13.873077488701222,8.690789544734269,14.317926752150932,15.288681880925326,20181026_R01-Scene-07-P7-A02.czi_nucWholeIndexImageScale.tiff
605784,0.8534598279246941,0.5203617780586913,0.028808714902764706,0.5176952700024026,-0.8401296331108025,-0.1617832098403541,0.059982743650915535,-0.15298960587146204,0.9864057233002063,153.82288101985233,121.89846878785002,59.70452075090168,172.3031823522866,775.8289707445107,1328.7996878415624,0.991557428870637,0.975026367665311,1,59,137.67961022410628,121.08519208166608,29.59555716228887,416.62846823290147,442.0,252386860,442,550,86.90410750404179,4.53781927109067,0.0021285588555308333,589.1408679192325,0.7312013690458905,1189.3599484816145,0.17257881308349368,391.6196906550012,4168.298926007234,6.198654387988281,9.929190522160592,0.00027128913386079834,4.367257539285098,-0.13206128833150255,0.8459348483378789,58584,0.8871309126278828,13.235104479137224,6.026211239955907,16.117885159245034,13.30977400609649,20181026_R01-Scene-07-P7-A02.czi_nucWholeIndexImageScale.tiff
441490,0.30564786034531166,0.9417654454687358,0.1402042481075608,0.9391181668833029,-0.3224541748705379,0.11866075062254405,-0.15696003980656262,-0.09539995193727495,0.9829864673912292,138.04639864285457,109.24799569303406,57.91142965136366,147.31588546885746,618.0143250357909,1107.6699291737661,0.9911165482515676,0.9711744894930887,4,64,115.63056467870167,124.41867539468618,30.020265464676438,424.14051280889714,451.0,187253795,454,570,90.91095037240932,4.756183127561794,0.0016439491233369767,640.0039900866511,0.715253928738825,1209.05423174903,0.16321298746491714,385.3296091487037,4196.21293690948,6.510480722932586,10.328620803602119,0.00025293176147885016,4.485592661485123,-0.144213611300092,0.874579484703893,48292,0.8716123186662585,12.18502766284011,5.309048564946703,10.962246406812506,15.12127795577039,20181026_R01-Scene-07-P7-A02.czi_nucWholeIndexImageScale.tiff
719089,0.9628726886428158,0.2676768430073132,0.0350041880836155,0.26149876839975317,-0.9570354907892632,0.12530548070681588,-0.06704162580939689,0.1114996730371533,0.9915005009184014,160.12942719724825,133.96661987960903,62.07149774530753,203.4550686099005,917.2659873037396,1382.893222781755,0.9891182403033699,0.9750908231246133,0,59,283.8895185436017,90.08992767237436,30.706976466056357,442.72475451578316,467.0,318358501,471,620,91.47850617793596,4.858701222899012,0.0013887111219296026,494.815620282991,0.7472257757199928,1048.2828294631036,0.15932965605749744,368.78592612939144,3698.315697569429,6.5843275709468525,10.419356627177335,0.0002491373479443355,4.461441891704632,-0.1472802826628098,0.881391089744821,63534,0.916032064653593,13.545168076290858,5.928560051092656,18.48132248854945,14.015907741495946,20181026_R01-Scene-07-P7-A02.czi_nucWholeIndexImageScale.tiff
638836,0.9244117520908873,-0.38045694613837244,0.026747424760514348,-0.3808499228791271,-0.924566899196388,0.01137475948488552,-0.020402177315639435,0.020701716002292595,0.9995775058069993,170.12684113662854,115.60456906507274,52.626202993114084,158.18182837235958,762.6716667934924,1671.0693399324946,0.9955097514038451,0.9782551886939505,7,58,156.2406235716209,112.53017675898039,33.46325661046028,417.17931519200545,445.0,266509165,448,552,92.95586348876725,4.57603077432966,0.0020787216462547207,618.4420475354823,0.7566106484529307,1373.291010103774,0.17043305406601708,390.9522542746177,4874.721992879618,6.25055025210421,9.996186851036486,0.00026375033237163996,4.413624893373102,-0.13980112167072944,0.8603583688305029,59786,0.8985543899378082,15.641901675723727,9.80296945616296,19.11271810658523,12.871855633877894,20181026_R01-Scene-08-P12-A02.czi_nucWholeIndexImageScale.tiff
424551,0.7474627934986146,0.663825337878347,-0.025205021839821894,0.6615604188970811,-0.7403955553544302,0.11896316135730248,-0.0603090746402721,0.10559518171821836,0.9925786987004761,144.3031218546702,100.57083551251563,52.24722901395212,134.4893819318685,524.997904930661,1258.559772022215,0.9942741040292232,0.9666314078248369,7,59,100.5466269070147,127.02179007940153,31.863319130092734,435.68745804390994,465.0,184971546,466,627,98.61767143476365,4.850123019271512,0.001633732616802041,566.9846524214997,0.7428445917922404,1194.4551322537372,0.16268269462294654,359.9418221495398,4210.8358765934645,6.507397651436959,10.31789441282771,0.0002495136877745171,4.493503670219466,-0.14789177079620824,0.8801769203376903,45654,0.898247595282975,13.1297062193332,8.303943359181709,13.78865103548298,11.959888324040408,20181026_R01-Scene-08-P12-A02.czi_nucWholeIndexImageScale.tiff
459460,0.2744108194047409,0.9507623521619666,-0.14404739464864805,0.9576841372389377,-0.2566796799613274,0.13021764540899267,-0.0868319956843688,0.17368503564324497,0.9809657042522304,136.14483529438144,97.40032795467371,65.71861690655179,188.4260373738813,512.3045901189882,1069.0957385755596,0.984345785519038,0.9299046040034439,1,64,135.52773690854482,122.96303921995386,31.39640882775432,440.9317329038436,465.0,202590494,466,628,90.14508610484111,4.8153190094576095,0.0015745183037008258,505.01574286733387,0.724929334151408,980.5588222726893,0.16561571042766368,362.81088934333354,3417.219546223432,6.508583634522359,10.274638432124581,0.00026065911959590387,4.4182066977653385,-0.14480295743474023,0.8740428140753134,46500,0.9295934807261769,10.879504639602757,7.332448789006343,8.277684823339992,14.17872240250743,20181026_R01-Scene-08-P12-A02.czi_nucWholeIndexImageScale.tiff
400520,0.9321875923670522,-0.35990585929035795,0.038653138105303304,-0.36126608665166215,-0.9317233569136796,0.03712682072165421,-0.022651871276175243,0.04857322956087121,0.9985627341823419,130.74639345340046,87.87188486110281,63.855207790717934,218.9432839942149,395.0333250479828,887.0364296525847,0.9690599215318945,0.8323568845999662,1,63,121.48807300509338,72.23385598721661,33.977272046339756,433.99313392589636,458.0,173822930,456,613,90.68823135279503,4.728884735696811,0.001742912743551203,559.0261034593141,0.7136958994509717,1030.388645782506,0.16828073058551374,366.1874276970666,3562.5284796707138,6.419675771336629,10.147204251771306,0.00026388244616903234,4.415315128420684,-0.1376831111351529,0.860031357731462,42056,0.9364185626558476,8.920203183628786,7.733992649806497,10.136222621967857,5.5299488671843795,20181026_R01-Scene-09-P13-A02.czi_nucWholeIndexImageScale.tiff
371731,0.6379925494729669,0.7648711751455547,-0.08909316611526427,0.7574449674066803,-0.6024984287471629,0.2515407814003388,-0.13871780047015156,0.2279643147263586,0.963737330938293,128.09444836786622,93.07088547090535,61.240365710914524,186.567133467757,396.4389822368882,900.5073742862786,0.9783028367498275,0.8823426998498156,4,73,126.58995886810624,132.23209525167394,36.49761521099935,445.7935926785767,474.0,165715298,477,650,100.35799413833233,4.959939855597316,0.0014021996824480241,571.476963582976,0.733672499612629,1137.6516658130558,0.16041710287824587,355.209942073938,3979.129699669239,6.644027472919141,10.514150991393064,0.0002462457219642743,4.519103278197347,-0.14890861770890965,0.8853967776473468,40750,0.9210694850815344,9.46895242366681,8.527071474039863,7.7629080374346335,8.751725577156115,20181026_R01-Scene-09-P13-A02.czi_nucWholeIndexImageScale.tiff
554899,0.5150074303494675,0.853959370216709,0.07430168708663566,0.8507877336882593,-0.4986686189959067,-0.1658006050480838,0.10453506057985212,-0.1486035075218534,0.9833562013135265,138.8656165528942,108.03970511551242,66.06626532891984,212.34714772021684,636.1834365604641,1112.3703196932604,0.9816102494233058,0.9426499777566989,4,71,119.06240955561282,156.03887914737638,36.2229576913997,431.07203292851494,455.0,239201440,454,589,87.57690761655192,4.657651478918484,0.0017928920924209536,552.9956517818266,0.7184705879399715,1048.0129378531465,0.16690836743562748,378.0934979442605,3639.0560996307468,6.349636445561957,10.104702402609407,0.00026229899724167054,4.409818819335527,-0.13140952939935763,0.8473617836961499,54330,0.9018968727261718,10.972273298114063,5.567989421639626,10.765352442960625,13.325983904649055,20181026_R01-Scene-09-P13-A02.czi_nucWholeIndexImageScale.tiff
470693,0.8598123665635045,-0.5105013762233718,-0.010537512918574724,-0.5100800733329555,-0.8596769800151888,0.027817419373682404,0.023259688155958896,0.018542785821121767,0.9995574780876183,122.57419053899983,103.60909372188593,57.039148231672996,212.39882442083302,581.0138786250766,878.828679233201,0.9703550110625053,0.930785485144814,7,63,149.23827420420528,96.55142523895617,34.691867098087286,429.55857214787557,453.0,202190213,455,605,88.48026352617495,4.59881064059463,0.0020922503789316117,500.0381448342198,0.7403998341752573,1026.8650065287534,0.17401974982490356,366.56307363654037,3607.4218812807967,6.222695181437668,9.891081842399315,0.0002748417670196501,4.345017412173292,-0.1302663877509066,0.8403736232516027,44236,0.9903809643051695,9.16805927032195,4.765384086991046,11.632214611660126,9.578904285207795,20181026_R01-Scene-09-P13-A02.czi_nucWholeIndexImageScale.tiff
857758,0.7563008372381125,-0.6535787809085376,-0.029048592720474553,-0.6528367947981553,-0.751062926640579,-0.09853222611795327,-0.042581251162946435,-0.09348399527297466,0.9947097967131924,166.81311018730105,138.1549297543703,70.92539643613596,258.63575735737896,931.8271973791999,1589.4892307073487,0.9866729021200219,0.9607089864973553,1,75,106.39511960249861,110.7774290650743,40.036472991216634,438.43479979201595,457.0,376070957,456,649,86.69799022089772,4.963967798348622,0.0013721007425988767,419.5502975301387,0.7401789008586223,858.226216247581,0.17227916031009485,348.4500291851912,3013.3545674601864,6.702472726567412,10.451135995139213,0.00027339511203826463,4.3404270936085485,-0.16708334730349855,0.9100316993317856,77588,0.8445734712220049,14.161770153762694,7.514601368399017,15.946982998237575,16.304636977208464,20181026_R01-Scene-09-P13-A02.czi_nucWholeIndexImageScale.tiff
396215,0.900870388362612,0.43395589191272704,-0.010715747553313703,0.4284793463085652,-0.8850038325276401,0.1821363944915266,-0.06955568386825746,0.16867276094739908,0.9832148832050909,108.888069630456,102.52326470634253,69.44364587185487,239.0332297811436,496.67203156046565,642.6629577637087,0.928256043864188,0.8765725397391848,4,70,130.1407796272226,100.22504700730664,35.49009502416617,436.2021882058983,458.0,172829850,460,611,86.26306458944521,4.6937203996985595,0.0018115117885752412,520.5965608606795,0.7048435275238112,932.2172303880154,0.169415424259541,368.7662307610209,3208.2723606913733,6.358871776962844,10.076295679250888,0.0002693025107770513,4.371238262464652,-0.1340522889558891,0.8523766916045743,40356,0.9704518242659143,6.431625578518749,3.1249923247187494,8.427967562215454,6.979202676827529,20181026_R01-Scene-09-P13-A02.czi_nucWholeIndexImageScale.tiff
