dna_volume,dna_surface_area,dna_shape_1st_axis_x,dna_shape_1st_axis_y,dna_shape_1st_axis_z,dna_shape_2nd_axis_x,dna_shape_2nd_axis_y,dna_shape_2nd_axis_z,dna_shape_3rd_axis_x,dna_shape_3rd_axis_y,dna_shape_3rd_axis_z,dna_shape_1st_axis_length,dna_shape_2nd_axis_length,dna_shape_3rd_axis_length,dna_shape_1st_eigenvalue,dna_shape_2nd_eigenvalue,dna_shape_3rd_eigenvalue,dna_shape_meridional_eccentricity,dna_shape_equator_eccentricity,dna_shape_sphericity,dna_position_lowest_z,dna_position_highest_z,dna_position_x_centroid,dna_position_y_centroid,dna_position_z_centroid,dna_intensity_mean,dna_intensity_median,dna_intensity_sum,dna_intensity_mode,dna_intensity_max,dna_intensity_std,dna_intensity_entropy,dna_texture_haralick_ang2nd_moment,dna_texture_haralick_contrast,dna_texture_haralick_corr,dna_texture_haralick_variance,dna_texture_haralick_inv_diff_moment,dna_texture_haralick_sum_avg,dna_texture_haralick_sum_var,dna_texture_haralick_sum_entropy,dna_texture_haralick_entropy,dna_texture_haralick_diff_var,dna_texture_haralick_diff_entropy,dna_texture_haralick_info_corr1,dna_texture_haralick_info_corr2,dna_io_intensity_volume_inner,dna_io_intensity_volume_outer,dna_io_intensity_outer_mean,dna_io_intensity_outer_std,dna_io_intensity_inner_mean,dna_io_intensity_inner_std,dna_bright_spots_number,dna_bright_spots_intensity_mean,dna_bright_spots_width,cell_id
704625,42192,0.9135801135692351,-0.4064252731821768,0.013779456071150109,-0.3995623394474851,-0.9034246882502154,-0.15547916116075988,-0.0756393613542338,-0.1365369180067938,0.9877430622561364,150.0350939595249,131.02230900978267,64.67104197438685,214.67704778295246,888.4784252465995,1246.1411339133103,0.9850491633169542,0.9703701372994048,1.1160759073537583,0,60,69.79420542841937,65.65146709242505,29.414221749157353,731.437229732127,770.0,515388958,785,1466,167.92026422401256,5.955277438048113,0.0007774954751641716,187.2427121051859,0.77699878098848,439.63496272206805,0.1405469016391282,216.98037015158246,1571.2971387830844,7.020406493661958,11.145249352242569,0.00023001053743086408,4.457192025547503,-0.1633420443532086,0.9183106249978394,556972,147653,512.2775155262676,239.8331006593148,789.536360894264,65.69081871529751,12,1158.0833333333333,5.6904375993160965,/allen/aics/assay-dev/MicroscopyOtherData/Jianxu/Nucleus/segmentation/20180924_R04/shape/20180924_R04-Scene-01-P15-B01_seg_0_cid_1
715568,35882,0.5899234325623987,0.8071157949748828,0.023546490521094532,0.7989020434935602,-0.5791892268422999,-0.16215845464123183,0.11724277638989385,-0.11447241157537358,0.9864837547433346,146.17013583943742,123.83790336568836,71.66341821491852,248.5581417422713,830.735867136225,1213.118335964554,0.978784604616191,0.9541896775490214,1.326440500765899,0,63,67.50015092905217,71.07502291885606,29.52255690584263,756.5862964805581,788.0,541388943,796,1438,155.6852406567667,5.9341225927681265,0.000712917124872878,189.40266263144136,0.7726290478546152,431.9221818828716,0.1363937172680981,230.5337148727892,1538.28606490005,7.0755667016933605,11.24713103419186,0.00022422136572433838,4.478068871040369,-0.16073122816635063,0.9161619486541702,590703,124865,544.4528010251071,240.92070340428995,801.4278647645264,74.6252336725702,9,1228.063492063492,4.944013470302047,/allen/aics/assay-dev/MicroscopyOtherData/Jianxu/Nucleus/segmentation/20180924_R04/shape/20180924_R04-Scene-01-P15-B01_seg_0_cid_2
759304,41649,0.9745258348164977,0.22191740873302873,-0.03243548945871304,0.21973592617775506,-0.9737134831675972,-0.05998479344325221,0.044894543343401844,-0.051329488589341325,0.9976721723989019,169.0881591327313,117.7260025243371,62.8908974754622,228.62298276007687,736.5873369363858,1629.8392145775142,0.9901128175019679,0.9506121230714341,1.1907597024762286,0,60,83.35851384952535,62.12415975682994,27.805860366862284,789.3717641418983,822.0,599373138,839,1598,178.71790867957588,6.1705146970706135,0.0006152627550860274,172.36557900303458,0.8173586973721433,488.26822456027423,0.13669494523528222,208.35854022001817,1780.7073192380626,7.26400775392607,11.438330613072143,0.00022411587523003693,4.471429475039367,-0.182622396090331,0.9412172153660661,613162,146142,545.732896771633,247.91596596466118,847.441036789625,85.92870549574286,19,1207.5187969924812,5.458788457041544,/allen/aics/assay-dev/MicroscopyOtherData/Jianxu/Nucleus/segmentation/20180924_R04/shape/20180924_R04-Scene-01-P15-B01_seg_0_cid_3
463092,31456,0.5732039389807896,-0.8183938165428736,-0.040851014446358344,-0.8159274443104231,-0.5654628633898777,-0.12047470999335141,-0.07549602610713568,-0.1023880421304625,0.9918755158137141,122.33243866792375,118.70902719203555,56.956548083848205,176.4626694512895,710.3370292995655,823.3455357126654,0.9767626341150939,0.9686521474559652,1.1189921487337726,0,55,59.13186364696432,62.97966494778575,26.55154699282216,672.3475853610082,712.0,311358788,727,1286,161.09507483452947,5.83415840356019,0.0007687948368796608,249.60962824091013,0.7511594508731729,525.9028926443702,0.13634061968898095,238.8960844039884,1854.0019423365761,7.051834358096864,11.206964527208498,0.00021900113232735548,4.559090164422988,-0.16122890663067296,0.915231945514665,352784,110308,484.89396961235815,228.6296689568718,730.9603156605742,57.43982125825261,9,1039.5238095238096,5.975391225754938,/allen/aics/assay-dev/MicroscopyOtherData/Jianxu/Nucleus/segmentation/20180924_R04/shape/20180924_R04-Scene-01-P15-B01_seg_0_cid_4
513947,30629,0.9949928817656459,0.0757874838326855,0.06515690700152965,0.07879768130009898,-0.9958771939729429,-0.04493929178686866,-0.061482441862889814,-0.04984848863193024,0.996862597113408,130.58793084745344,114.86296360304767,57.346634207034434,192.86417450778845,705.8434676510022,932.5022170106394,0.9783780884648673,0.9619460927332387,1.235301690283941,0,55,63.009032059726,59.03385952247994,27.71246062337167,634.6686097982866,667.0,326186028,674,1104,136.12400133468088,5.6028592135952335,0.0007047535269663397,279.85745129493534,0.6976239476317591,490.5296850575041,0.12317254531027032,250.98608408736877,1682.261288935078,6.996594360171171,11.304873344236292,0.00019813273596885813,4.668918658293415,-0.1311798416808199,0.873532876613332,406722,107225,470.18948939146657,213.31023581340463,678.0305958369598,49.0589677964674,7,940.6530612244898,5.400208908448304,/allen/aics/assay-dev/MicroscopyOtherData/Jianxu/Nucleus/segmentation/20180924_R04/shape/20180924_R04-Scene-01-P15-B01_seg_0_cid_5
455497,28298,0.46201485316784385,0.8830458270558114,0.0822942450698338,0.8546590896107196,-0.46809414589751297,0.22460122689391906,-0.2368546305185353,0.0334355782931259,0.9709695907216315,137.01476680116613,91.79641645251934,63.0540838161863,201.51390191142698,446.5797760775932,1110.0514292726707,0.9833843651836102,0.8924034909569719,1.229688871212746,0,60,56.210067245228835,63.717908131118314,27.27199959604564,693.0321999925357,724.0,315674088,730,1178,148.3111481658759,5.864091021679323,0.0005639208804543813,292.9141248831302,0.7460843090395796,603.2700510868082,0.12375050526831985,272.4574516858065,2120.166079464101,7.244230726674001,11.564382200021813,0.0001983891866379998,4.677104902470142,-0.15761228658125084,0.9176511953441544,357892,97605,514.8610112186876,220.150676811986,741.6233919729974,61.3070861379209,8,976.4107142857143,5.9301069535551765,/allen/aics/assay-dev/MicroscopyOtherData/Jianxu/Nucleus/segmentation/20180924_R04/shape/20180924_R04-Scene-01-P15-B01_seg_0_cid_6
692784,41271,0.9503692837215117,-0.310784800647093,0.014526948936633819,-0.30969325407860737,-0.9494396332222872,-0.05152156097142003,-0.029804579125766336,-0.044465610908602814,0.9985662203928495,150.01537820888146,130.72750925062707,58.42277039862453,201.37332144506772,916.1316656113701,1256.8317195171771,0.9870808463310099,0.9755430908327826,1.1276532574283207,0,55,71.63897549596989,63.80173329638098,27.222861671170236,701.9668598004573,739.0,486311409,748,1658,167.59074525033597,5.907410178708489,0.001111073771787382,130.6181170469835,0.7894945335266065,320.1192948296648,0.16121769211899156,170.77843858038477,1149.8590622716742,6.78027095221128,10.676486953234988,0.000268789479845805,4.2409669040012075,-0.16798809683640475,0.9155248284730357,546498,146286,489.4668115882586,238.33228996399828,758.8486453747315,71.25427049103837,11,1204.8181818181818,5.4560051773771905,/allen/aics/assay-dev/MicroscopyOtherData/Jianxu/Nucleus/segmentation/20180924_R04/shape/20180924_R04-Scene-01-P15-B01_seg_0_cid_7
522681,34074,0.9891963265707625,-0.1396256352003323,-0.04466888731335142,-0.14232505285383,-0.9877239766847862,-0.0643810935923456,0.03513127992350475,-0.07004304302995124,0.996925155312093,141.81602507167364,107.65700867242614,58.41346751624468,192.7176746300973,595.9874099638433,1145.865256638917,0.9857554006686597,0.946276489175508,1.123458442819568,0,55,71.3775285499186,55.32754969092046,26.084630969941514,664.2584865338514,701.0,347195290,701,1386,157.3323001114161,5.828522096159585,0.0008588311899935858,188.53434108883025,0.7589229948225599,411.71650148895213,0.1459247666573643,203.82472891335826,1458.33166486698,6.954756299987396,11.017688090604858,0.00023884864200780328,4.421558695235752,-0.16296319788818905,0.9144214472879029,403352,119329,480.98221723135197,229.7244264820199,718.4795488803824,59.888282839259624,7,1068.4285714285713,6.043544947262918,/allen/aics/assay-dev/MicroscopyOtherData/Jianxu/Nucleus/segmentation/20180924_R04/shape/20180924_R04-Scene-01-P15-B01_seg_0_cid_8
726674,38177,0.9939255800642286,0.037764462921580116,-0.10337207860070874,-0.0253457633330608,0.9925808961024618,0.11891491484880479,-0.10709590830209587,0.11557253147992654,-0.9875087120589217,140.6663494458369,129.45399876142426,71.12110231180924,261.1746656483565,876.5745395731642,1092.4419288078805,0.9710013044548492,0.9545817334745704,1.2600863558006072,0,66,69.39747397044617,62.612869044440835,31.342842870393053,812.3339599325144,849.0,590301968,860,1802,181.04602637366193,6.127117815828271,0.0008687054801114963,134.1826174503917,0.8118316213297428,367.49634999655024,0.15398098869234955,188.89967745631245,1335.8027825358072,6.976208025558176,10.959314993083611,0.0002579872181217039,4.280154017963306,-0.17882544533852787,0.9318295138088343,593366,133308,559.5123998559726,259.8019890854264,869.1338718430109,85.97085904827506,7,1438.8775510204082,4.999968287303998,/allen/aics/assay-dev/MicroscopyOtherData/Jianxu/Nucleus/segmentation/20180924_R04/shape/20180924_R04-Scene-01-P15-B01_seg_0_cid_9
470171,32285,0.11468480731542557,0.9918033871087564,0.05633326096208326,0.9928982201144979,-0.11263657761210173,-0.03829002320833934,0.03163098899000534,-0.06032447847624961,0.9976775219639273,162.72638381633988,91.05148352493168,52.94556363116373,159.60838433610584,433.5298124975645,1554.7576314349735,0.9947167059408625,0.9297624061620999,1.1017878916276598,0,50,45.340501647273015,84.26490787394374,24.55290734647607,598.6665723747318,634.0,281475661,632,1076,143.39695288830117,5.684594768502693,0.0006771528234780254,298.25402807289254,0.7152816401427535,557.1715370155089,0.12763740420218508,246.68873049194028,1930.4321199891465,7.119080101186078,11.393268715636072,0.00020348251988405684,4.6617071853718475,-0.1489114121079139,0.9025320304249729,356353,113818,442.624716652902,212.17303096909774,648.5058383120108,49.909586985126225,6,898.0238095238095,6.070094945250929,/allen/aics/assay-dev/MicroscopyOtherData/Jianxu/Nucleus/segmentation/20180924_R04/shape/20180924_R04-Scene-01-P15-B01_seg_0_cid_10
732346,44327,-0.060366409238638646,0.9967977608380795,0.0524415924989343,-0.9978198525580123,-0.05885763430703818,-0.029854994973795155,-0.026672804065930294,-0.05412950093959946,0.9981776187890061,153.36270445094848,138.29473770494047,62.30579408757989,217.91251294414894,1001.9762253487349,1185.7403793642795,0.9829678510915855,0.9760641717299635,1.091126325115177,0,60,69.98141452264368,74.71284611372221,27.808522201254597,664.8903359887266,699.0,486929778,711,1488,152.2645096062277,5.755433755131718,0.0012348288503267351,156.64332259573163,0.7574560587827749,337.74993176269976,0.1625780007158516,193.6810708561686,1194.3564044550747,6.664590625345886,10.55859822596325,0.0002702387578736289,4.261089672090595,-0.156998874434619,0.9008685368503649,576623,155723,473.4832169942783,221.74531694959325,716.5818064836124,60.00360971411766,9,1172.7777777777778,5.182692810605454,/allen/aics/assay-dev/MicroscopyOtherData/Jianxu/Nucleus/segmentation/20180924_R04/shape/20180924_R04-Scene-01-P15-B01_seg_0_cid_11
549012,31410,0.9012207696792348,-0.43305717327652965,0.016205214361730013,-0.4297351496178672,-0.8978835419680293,-0.09556592617588851,-0.05593590512074505,-0.07916204732501528,0.995291185925825,146.4111876465031,113.46157801859307,55.917764636512715,179.20012895049217,685.4278037879474,1197.310024297014,0.9887361663803806,0.9652189851189171,1.2609912452155945,0,52,73.23258872301516,62.353782795275876,26.374663941771765,668.1898792740413,701.0,366844262,710,1128,141.5590426310791,5.719007674290329,0.0006157690239124282,298.0334340961848,0.7116002997138244,545.9451764992524,0.11765354078572865,263.4221536388024,1885.7472719008254,7.113568085977391,11.500487390090132,0.0001875533357644029,4.739932260352014,-0.13432741248073257,0.8839954815380062,439368,109644,493.4431615045055,222.3373819476102,711.7978095810346,56.40459036345504,7,1002.9183673469388,6.173414242671778,/allen/aics/assay-dev/MicroscopyOtherData/Jianxu/Nucleus/segmentation/20180924_R04/shape/20180924_R04-Scene-01-P15-B01_seg_0_cid_12
490670,33251,0.5938827299400669,0.7972133603147632,0.10841660949585688,0.8035667296610106,-0.5944112157365898,-0.030916299721303157,-0.039797161467153,-0.10548063681165343,0.9936246882988393,151.77492601421469,106.75524475091501,57.14987399758941,171.5433161543864,587.823695122053,1189.275163555064,0.9895424561891476,0.9564708646231194,1.1019061249335573,0,55,58.21243401879063,70.8986141398496,27.19933764036929,661.9327409460534,698.0,324790538,695,1238,156.31547799708184,5.859974413207081,0.000687824975314667,265.5619322930937,0.7534646572826993,567.2116831087418,0.13490001890056272,248.66032694566803,2003.284800141864,7.153512301569405,11.332478675493876,0.00021599161230672476,4.5831413915408294,-0.16755827458104264,0.9236434013277075,375489,115181,480.254295413306,222.07878013614393,717.6624827891096,59.75400764990668,9,1036.5238095238096,5.878269124750103,/allen/aics/assay-dev/MicroscopyOtherData/Jianxu/Nucleus/segmentation/20180924_R04/shape/20180924_R04-Scene-01-P15-B01_seg_0_cid_13
739299,39815,-0.028105935713743896,-0.9995901014591287,0.0054484348746943806,0.9955739462635002,-0.02750317588753448,0.08986708428240449,-0.08968039863301472,0.007950118302782022,0.995938864449016,160.25361463472092,130.26667199217505,58.75762594667009,201.4492580150095,913.4137331075444,1437.530649572164,0.9901323175312053,0.9753766949948256,1.2227623893504995,0,55,64.73968719016257,78.59691004586777,28.009438670957216,712.5283369786785,746.0,526771487,754,1451,158.00604054141886,5.91352922433515,0.0007567942177955766,175.62246214766566,0.7796783874003942,414.6495880223064,0.1411995265037581,204.0632469264265,1482.9758899415638,7.052842202788814,11.15233776965891,0.00023260780245556938,4.427918982963238,-0.16815902178403966,0.922880984119461,597531,141768,501.5974549968963,234.78490002605562,762.5730196424955,68.92230517475583,9,1083.047619047619,5.941943557545751,/allen/aics/assay-dev/MicroscopyOtherData/Jianxu/Nucleus/segmentation/20180924_R04/shape/20180924_R04-Scene-01-P15-B01_seg_0_cid_14
664504,35786,0.5396580197550351,-0.8417935180488914,0.012365059035233264,-0.8417948595271251,-0.5393283459158513,0.022502216899216245,0.012273393490866235,0.022552344945538122,0.9996703234315181,172.73865501978636,116.42665122007392,51.30321208936058,167.64145932450606,730.0480686896692,1763.9432038132309,0.9954736547997431,0.9732778304019913,1.263448098459267,0,50,70.37836491578682,82.77588246270903,22.867966182295365,626.8230605082889,656.0,416526431,663,1251,135.5600428270197,5.685346543153326,0.0009414439888614791,197.12686378634933,0.7245173873322958,378.09907774175076,0.14510561957532087,219.108025856849,1315.269447180652,6.85418615540248,10.942408811655302,0.00023782037628955144,4.428466967529196,-0.14737587817041306,0.893183813342955,538975,125529,456.1736252180771,216.67585242478077,666.5678593626792,57.96517848054424,12,967.5238095238095,5.776592107644031,/allen/aics/assay-dev/MicroscopyOtherData/Jianxu/Nucleus/segmentation/20180924_R04/shape/20180924_R04-Scene-02-P11-B01_seg_0_cid_1
616934,36923,0.9001223598780378,-0.4321660523898663,0.05488388114329786,-0.4232379141627447,-0.897378879807574,-0.12482313123164557,-0.10319595565118725,-0.08912715207534935,0.990659853582538,139.86293704412424,126.28738603507497,61.72505854228184,200.4422426663567,849.2422509085978,1065.6978988539809,0.9821526728302896,0.9717470288561703,1.1630717958437036,0,58,71.09156084767577,65.27661467839347,28.62290293613255,731.1745292040964,767.0,451086427,775,1478,175.21096273830855,6.103057686392622,0.0006292187724282695,197.40132371833718,0.7943397652271764,499.1796020602806,0.13484936201306869,216.04891939689722,1799.3170845227853,7.229817862101052,11.44484115733588,0.0002183677580964064,4.528724218219339,-0.1732628264960114,0.9324292750114282,486823,130111,512.0388283849943,250.30350676710785,789.741945224445,76.77631202484375,9,1176.6507936507937,5.938784923827665,/allen/aics/assay-dev/MicroscopyOtherData/Jianxu/Nucleus/segmentation/20180924_R04/shape/20180924_R04-Scene-02-P11-B01_seg_0_cid_2
595424,40586,0.8639086495060113,-0.5034890734560544,0.012672735263690832,-0.5034712856965408,-0.8639986827968981,-0.004789635090215269,-0.013360755509027761,0.0022425511340878534,0.9999082263771204,164.5605779689658,114.49442310591184,49.902075569845195,162.9484356498042,690.1412173115996,1539.3369621779814,0.9943814432604738,0.9717266180329635,1.0323831739614662,0,50,80.82205621540281,65.24752277368732,23.712949091739667,599.8442336889343,640.0,357161653,654,1080,149.95399513600566,5.684780700721739,0.0006792656951248898,288.56299867988605,0.7258166851442078,564.6704559163894,0.12838193784263077,253.11566795742644,1970.118824985671,7.087748482276534,11.338396565935215,0.0002048535592333117,4.648829770059236,-0.15010094152030068,0.903147797538868,451976,143448,427.23404996932686,217.61088774780393,654.6271992318176,46.21944503442886,7,883.7755102040817,6.189307095501454,/allen/aics/assay-dev/MicroscopyOtherData/Jianxu/Nucleus/segmentation/20180924_R04/shape/20180924_R04-Scene-02-P11-B01_seg_0_cid_3
642445,35530,0.4405476901037869,-0.8944577313663546,0.07657087921117066,-0.8969416112274455,-0.442129216052953,-0.004183582330388052,-0.037596260358343556,0.06683654024075805,0.9970553636061105,149.0976557763727,116.86657687152817,64.4001102428552,226.8094469011425,707.0995419970372,1234.792358845682,0.9829856706033625,0.9471604103506122,1.2431099500623999,0,60,62.25949925674571,70.8052455852252,28.16746336262248,633.58937029629,661.0,407046323,666,1200,129.58080615904882,5.65044157150142,0.000855025024169711,213.42356089307566,0.7106548639504305,385.94180705045284,0.13886986326612194,229.56202379829273,1330.3436673087378,6.884794041337228,11.049100814426938,0.00022752270250485647,4.483112084699028,-0.1399595505055139,0.8850567614971555,518558,123887,475.59990152316226,210.33630876476397,671.3341188449508,53.34054900425714,11,954.2207792207793,6.1462621833626425,/allen/aics/assay-dev/MicroscopyOtherData/Jianxu/Nucleus/segmentation/20180924_R04/shape/20180924_R04-Scene-02-P11-B01_seg_0_cid_4
670653,36018,0.9576370551001346,-0.28787939377620037,0.007531622546903091,-0.2878612739119675,-0.9576660411102292,-0.0034118449612664035,-0.008194979006736979,-0.0010992467001897611,0.9999658164036265,149.3736341695242,116.96082415872849,55.4383515326735,212.92370153727867,794.2522209612179,1270.307992465424,0.9858523929332299,0.9633964559958225,1.2633526702915852,0,55,73.9677254854597,61.320495099552225,27.076427004725247,643.1568963383448,673.0,431335102,679,1123,136.140428315566,5.671198555374303,0.0006130258445513215,259.74105933157136,0.7194616914038305,480.48194231918484,0.12065583235184053,242.39353652809012,1662.1867099451663,7.114989333433015,11.473922959216093,0.00019392681322966422,4.681036652860416,-0.13709964625055104,0.8873007817356301,542703,127950,476.9168815943728,224.61340931103632,682.3503592204207,54.384602071690445,9,940.3174603174604,5.932375108619411,/allen/aics/assay-dev/MicroscopyOtherData/Jianxu/Nucleus/segmentation/20180924_R04/shape/20180924_R04-Scene-02-P11-B01_seg_0_cid_5
527198,30407,0.25812562827628316,0.9632721467603461,0.0740130481921147,0.9660391136689581,-0.2582846779444907,-0.007579973667794708,-0.011814858808626915,-0.07345608494076562,0.9972284656469184,133.8400138588418,116.49939029348597,58.819154271199395,197.83525842161862,705.2633037139124,958.7650648814949,0.9784795463310709,0.9598503367614454,1.2664780743526383,0,55,58.30432209530385,62.12016927226583,27.268523401075118,788.3721561917913,829.0,415628224,846,1643,184.87106545206714,6.15465928051831,0.00063119897333701,175.10065358237563,0.801870700003322,454.9811918436157,0.13529919217732053,201.14662102498596,1644.8241137920872,7.18760977649328,11.37337852258716,0.0002209163284614,4.491086801205954,-0.17295070123426853,0.9310117565381323,421556,105642,545.0020919709964,260.19901274829516,849.3607326191539,84.93077043348698,7,1260.0816326530612,6.040921053706482,/allen/aics/assay-dev/MicroscopyOtherData/Jianxu/Nucleus/segmentation/20180924_R04/shape/20180924_R04-Scene-02-P11-B01_seg_0_cid_6
619534,36103,0.9505075103143933,-0.3106052347210606,0.007736989066053359,-0.30993063229082857,-0.9461018490449464,0.09399092722992168,0.021874094352466344,0.09173701214672336,0.9955429898294957,157.4445763734484,117.51943210621789,52.97980628494781,163.54936402539852,762.6049873111255,1523.736617690105,0.9942229756911428,0.976732455991373,1.1929619600193964,0,50,78.5810157311786,62.49400678574541,23.661206648868344,716.8672873482327,752.0,444123658,762,1891,171.70122981273042,6.056156017500048,0.0011914939357683166,105.7503904692152,0.798674920354808,270.6972027804782,0.17489960323103906,150.4151086627306,977.0384206526961,6.751292613509624,10.537801374469511,0.0002947778478432823,4.114448511477405,-0.17962623935420402,0.9258918467878198,490136,129398,507.12868050510826,244.10393790835104,772.2391764734685,82.78697760164367,11,1233.3896103896104,6.03778774967283,/allen/aics/assay-dev/MicroscopyOtherData/Jianxu/Nucleus/segmentation/20180924_R04/shape/20180924_R04-Scene-02-P11-B01_seg_0_cid_7
693783,39041,0.997463915056658,0.02604549496196746,0.06623722784077236,0.014661746946212096,-0.9858701289358718,0.1668685771751315,0.06964747903786252,-0.16547423081602056,-0.9837517510020081,153.12382509103293,122.85733532228443,64.7459870146392,218.0403541020567,795.5839842501431,1350.84647915697,0.9868874091774146,0.9617116615846747,1.1932557789754348,0,60,73.8705243570396,62.92917093673382,31.20916914943145,694.3645188769399,726.0,481738299,732,1373,149.51517363495267,5.857584867170824,0.0008017946906304341,185.48456771717366,0.7708251228837534,422.7275012498068,0.13965293561802666,214.01407212432684,1505.425437282051,7.002015657712681,11.134092766282851,0.0002291723096854807,4.457776608015518,-0.15856004292426407,0.9126084481572552,557461,136322,502.07666407476415,223.52146090840012,741.3867588943442,65.96087288709634,12,1108.107142857143,5.687970180264045,/allen/aics/assay-dev/MicroscopyOtherData/Jianxu/Nucleus/segmentation/20180924_R04/shape/20180924_R04-Scene-02-P11-B01_seg_0_cid_8
536058,29893,0.8077419339050276,0.585197021679121,0.07139617657306567,0.5847599533693079,-0.8106853361756422,0.02907030521530052,-0.0748916894380882,-0.018268320329796302,0.9970243243399014,137.5517302729716,126.23621592450186,55.129964174419854,165.58494015155134,851.584052661169,1036.042021988949,0.9871454382404892,0.9809137297513155,1.3032277340744374,0,52,70.30776333904167,66.67324058217581,22.46693081718769,756.1155639874789,791.0,405321797,799,1513,168.1852572294436,6.122064896273664,0.0005731198338635558,190.33613039352093,0.7931866989694787,478.09448012897127,0.132243007565382,217.5111778086794,1722.0417901223695,7.242897081831558,11.466512119591723,0.00021604384634842327,4.524497345432406,-0.1742346292883463,0.9339057319202572,432189,103869,538.348024916,240.50575315991776,808.4521494068567,83.94351121858594,4,1185.357142857143,5.858726092243194,/allen/aics/assay-dev/MicroscopyOtherData/Jianxu/Nucleus/segmentation/20180924_R04/shape/20180924_R04-Scene-02-P11-B01_seg_0_cid_9
532091,34014,0.29013116224345903,0.9526553625406062,0.0909487158671622,0.9509726962248671,-0.27636493763969633,-0.1388284995172573,0.10712067834954246,-0.12676821946384192,0.9861313192490649,169.785307674364,89.20903300372103,59.99936953978682,184.6771947148217,426.3580296787831,1759.279930882205,0.9944750540702938,0.9013216087266668,1.1394503783955223,0,58,51.47976379980116,84.33993997267385,25.704037467275334,705.596307774422,743.0,375441445,753,1457,167.92195026955736,6.032809034938428,0.0007223238419717566,196.85972470240034,0.7751312096106144,454.9158788489233,0.143338012002916,221.1937715322363,1622.8037906932866,7.110759054589449,11.220330552417996,0.0002340954510654928,4.452686788891312,-0.17433488204313724,0.9303255955816935,413610,118481,504.864509921422,238.97297284696614,763.097103551655,71.1876209385758,8,1105.9464285714287,5.496872363453491,/allen/aics/assay-dev/MicroscopyOtherData/Jianxu/Nucleus/segmentation/20180924_R04/shape/20180924_R04-Scene-02-P11-B01_seg_0_cid_10
640843,36192,-0.08620471954126728,-0.9956041424883414,-0.03662154814949397,0.9842634975962654,-0.09079892678542187,0.1515945981695321,-0.15425340718563688,-0.02297708324983583,0.987764111525091,153.95009852718067,116.34362082899631,65.55107120673016,225.05709161011566,668.8390332570415,1342.1863231126788,0.9858415670193812,0.9416873355971718,1.2182610228281308,0,60,58.18400450656401,71.22743948205722,28.294510511935062,641.3127177795498,668.0,410980766,672,1329,132.20607946391885,5.697795920176979,0.0009937008561173536,170.48291427148393,0.7217104258253264,320.39845041630025,0.15056419313219596,204.3697116131839,1111.1108873937264,6.788182416907878,10.813852598799212,0.0002495544362531619,4.3510055427103485,-0.14670826549339552,0.8910145100504852,514222,126621,483.69374748264505,212.07509548406566,680.124498757346,55.53121218501009,9,1012.3650793650794,5.942237068613041,/allen/aics/assay-dev/MicroscopyOtherData/Jianxu/Nucleus/segmentation/20180924_R04/shape/20180924_R04-Scene-02-P11-B01_seg_0_cid_11
389211,25542,0.9963138673900895,-0.07156595398335601,-0.04729684848544534,-0.07274549726761088,-0.9970687883545256,-0.023704934434123102,-0.04546174516547964,0.027058187664554305,-0.9985995614893984,130.23273821301407,100.74575934370276,54.73214381665398,179.925652785,521.7113314055293,858.2250622986367,0.977776804378291,0.9386482992548103,1.2216287369319498,0,52,67.43737458602146,53.48823645785962,25.701295698220246,733.9677681257724,774.0,285668329,796,1232,170.57213557884663,6.068874169401515,0.00041009784284428503,313.0455517161274,0.7822896878731533,746.8613640475364,0.1143021554036287,275.33650199689816,2674.399904474025,7.501375760416953,11.951313297993494,0.0001815298111127431,4.78752449916818,-0.17159229761357672,0.937331447830595,301013,88198,527.7050500011338,234.9909129962396,794.4035606435602,72.95020640876953,4,1058.4285714285713,5.8909884275461675,/allen/aics/assay-dev/MicroscopyOtherData/Jianxu/Nucleus/segmentation/20180924_R04/shape/20180924_R04-Scene-02-P11-B01_seg_0_cid_12
410261,28489,-0.9314379384432752,-0.3141635031973885,0.18364275125167834,-0.333828778810391,0.9385580819187592,-0.08756182560307048,0.14485065849523948,0.14286364171378163,0.9790854235508625,118.23965994436138,105.66841779915958,58.59887487328744,178.18592994780533,590.6702058329588,756.9078826852519,0.9718954343214621,0.9534132343368463,1.1359982372616142,0,58,56.50134426621102,51.143425770424194,27.61472818522843,618.843463063757,655.0,253887338,663,974,146.4204702553637,5.727135726673126,0.0004987430164481274,368.36698208445745,0.7227546225607411,701.7404591541703,0.1138740834325773,300.06503976719483,2438.5948545322226,7.303149612614312,11.75344977615696,0.00017954344711489,4.819317740299566,-0.1468194731111598,0.9065856003798032,311648,98613,449.3609260442335,210.36767577911917,672.4718560683848,47.48117183051223,4,848.4285714285714,5.822288342685,/allen/aics/assay-dev/MicroscopyOtherData/Jianxu/Nucleus/segmentation/20180924_R04/shape/20180924_R04-Scene-02-P11-B01_seg_0_cid_13
736147,38217,0.5769543889096596,-0.8147044730387945,0.05813995810508976,-0.8154295390642476,-0.5786280133880597,-0.01625696601632827,-0.04688603138835545,0.038029511345372156,0.9981760647939232,175.29839254736902,128.18379526526004,56.303544528103274,184.42685068196192,850.2983255688555,1699.178588477385,0.9940922105397502,0.9761945744131424,1.2701225254171924,0,52,73.9215890304518,80.56038535781576,25.452996480322543,662.2615374374955,691.0,487521844,704,1255,139.68600868081975,5.782867433618504,0.0007037203762362831,207.1843425259599,0.757184903253525,448.95425536984436,0.13490860368167487,224.0936178800201,1588.6326789534164,7.058797841930147,11.255874933673198,0.0002204977219955095,4.511671813946143,-0.15660052435233485,0.9116969311047545,600136,136011,478.85423973061,216.9458288457165,703.8277990322193,62.58086111231131,13,1037.8351648351647,5.562429645467429,/allen/aics/assay-dev/MicroscopyOtherData/Jianxu/Nucleus/segmentation/20180924_R04/shape/20180924_R04-Scene-02-P11-B01_seg_0_cid_14
492342,31011,-0.24824254944411508,-0.9392590362717469,-0.23699810005009622,0.9553893181256966,-0.2778069214651365,0.1002724548287306,-0.16002152185503882,-0.20153356337824274,0.96632154864479,127.55867765423397,107.07920667973868,68.92638639833847,217.73185719061678,628.1168847862469,859.0542241370295,0.9673470961110916,0.9379974108732303,1.184289543114098,0,66,59.17017032875521,63.54438175089673,33.03675900085713,632.4978978027468,667.0,311405280,669,948,139.16033625932687,5.6360928003708874,0.0005367974643585784,416.32696601716634,0.706147464781044,745.9523913870146,0.11244263108517717,321.4782794474449,2567.4825995308875,7.203268959214051,11.684300077033292,0.00017689023852829187,4.84996527090673,-0.13264614386591533,0.8845172734101345,385920,106422,466.09649320629194,216.19243573852773,678.3850513059701,45.55980839586637,3,892.5714285714286,6.329572963309483,/allen/aics/assay-dev/MicroscopyOtherData/Jianxu/Nucleus/segmentation/20180924_R04/shape/20180924_R04-Scene-02-P11-B01_seg_0_cid_15
381155,27104,-0.31110741452980395,-0.9394309736012615,-0.1438110651624792,-0.9089550435779518,0.3383081921538225,-0.24361505675104783,0.27751199141439764,0.05492734255540291,-0.9591507085234399,119.51468264154354,101.4399344244255,66.56356344463182,188.583505416276,533.5688132518957,710.0963945765415,0.9640903365943665,0.9354579441752593,1.1346518306203157,0,60,54.56524248665241,52.823785599034515,29.902399286379556,721.7384895908489,762.0,275094234,784,1166,168.5968107488644,6.02938242327165,0.00042689938794332233,336.87182844039853,0.7793259219543057,798.429554247353,0.11410681377212471,295.9064596040073,2856.846388548993,7.473920230222405,11.908443904747182,0.00018031042124404126,4.803871616379766,-0.16976029294426057,0.935260376849434,288129,93026,522.9083589534109,227.79330291329833,785.9332486490426,62.96134953626523,4,1041.642857142857,5.68101700126581,/allen/aics/assay-dev/MicroscopyOtherData/Jianxu/Nucleus/segmentation/20180924_R04/shape/20180924_R04-Scene-02-P11-B01_seg_0_cid_16
664404,36667,0.8983661019645967,-0.4323304193898117,0.0776450597988408,-0.42863991066134194,-0.9014788123891617,-0.06003147342572355,-0.09594880837807587,-0.020648469281188957,0.9951720790331545,156.36810395371833,109.98025893551934,66.27299199655566,227.28534572196648,673.7871808519277,1411.7584593235424,0.9869553036105543,0.9413882086180614,1.232962495439967,0,63,77.42059198921139,60.79186007308806,27.4435855292864,735.5936026875214,768.0,488731332,778,1523,160.7928571067889,5.973630114650907,0.0008067477004522204,174.43801504192666,0.7728565392253007,397.1282732818268,0.14722098340182832,213.799130625258,1414.0750780853743,7.013121940639702,11.089660095694363,0.0002427241791472376,4.394325353420516,-0.16781290992184858,0.9209874506131736,535840,128564,532.9184919573131,243.38732101624493,784.2214075097044,74.99630277831467,10,1266.8857142857144,5.409074735320644,/allen/aics/assay-dev/MicroscopyOtherData/Jianxu/Nucleus/segmentation/20180924_R04/shape/20180924_R04-Scene-03-P12-B01_seg_0_cid_1
709166,33843,0.04313043818794182,-0.997718228792899,-0.05194325014933887,-0.9974082184464796,-0.04599747400478461,0.055327011130176684,-0.05759002584767295,0.04942234635809862,-0.9971162523012673,144.27233379519555,119.42818779082981,66.51424919959467,261.05285667796176,785.6107787248335,1192.6430864326444,0.9757504422692675,0.943176256945939,1.3976208481695271,0,63,57.51770248432666,74.06062050352104,28.1301782657375,798.5312409224357,829.0,566291206,835,1358,161.7657962223733,6.023990676989334,0.00046918227468049163,234.39408157799045,0.7875762661683761,565.1982570114535,0.11503128535921636,250.98074113116985,2026.3989464678189,7.379625830876325,11.822713394943731,0.00018654135747395943,4.6980129456362,-0.15838922877382663,0.9221692167714437,590182,118984,574.2969306797553,251.1511542905551,843.7381350159782,80.91085249398613,10,1175.9714285714285,5.955522988583415,/allen/aics/assay-dev/MicroscopyOtherData/Jianxu/Nucleus/segmentation/20180924_R04/shape/20180924_R04-Scene-03-P12-B01_seg_0_cid_2
644920,38761,0.1590041439998824,0.979375953135972,-0.1246612394045191,0.9678496195932763,-0.17955384714695174,-0.17614633072499492,0.19489688567038432,0.09264533660004258,0.9764384494489399,151.36891616863898,111.84026430155791,75.13186705697252,275.27344571453585,624.0466670438581,1198.081862872345,0.9732468932008591,0.8974528713518045,1.1425300070657118,0,71,57.245611858835204,76.77641567946412,34.70370278484153,851.9910717608385,892.0,549466082,911,1883,196.06174947783634,6.21235677349434,0.0008832346190554821,150.104776727298,0.8136986856480176,413.8779204735393,0.1564522940907342,202.50877038929778,1505.4069051668557,7.027635254781158,10.994577013780754,0.0002596192795861628,4.29837007525126,-0.1862272030063577,0.9379002323296064,510060,134860,605.7239655939493,273.45331871638405,917.1041602948673,92.5089241281698,10,1435.7571428571428,5.737440633565246,/allen/aics/assay-dev/MicroscopyOtherData/Jianxu/Nucleus/segmentation/20180924_R04/shape/20180924_R04-Scene-03-P12-B01_seg_0_cid_3
628930,33467,0.059499310494390556,-0.9981789086272965,0.00993470796307257,-0.9945610899333128,-0.05842547985765774,0.08622471625968633,0.08548725309280385,0.015010985144948589,0.9962261790796431,164.97725599733377,108.07879373878801,56.48597058932381,186.13832119524534,643.848272054659,1616.3769968154975,0.9933472177564052,0.9572980655609378,1.3004262244598488,0,52,50.47348194552653,81.43133417073442,23.761286629672618,675.2174025726233,703.0,424664481,717,1465,140.96164050035804,5.767374208060496,0.0009947639341219329,143.32725312245617,0.7465576672392806,290.1246863797712,0.1497616576825494,176.90240852689072,1017.1714923966266,6.763095396876688,10.796490723588516,0.00024959193827963613,4.328085407387734,-0.14251927788750668,0.8848662338052876,511059,117871,507.71731808502517,224.12519932175346,713.8497375058457,70.02937288716318,11,1139.2597402597403,5.901251009243682,/allen/aics/assay-dev/MicroscopyOtherData/Jianxu/Nucleus/segmentation/20180924_R04/shape/20180924_R04-Scene-03-P12-B01_seg_0_cid_4
586623,33896,0.981744001740889,0.1885720075536224,-0.024886000341188066,0.18809514908889172,-0.9819409159071855,-0.020304003462002746,0.0282653486624983,-0.015252397665745548,0.9994840841306244,136.36754042348446,110.30696472808751,61.03949686170882,236.56551632099865,662.7294356404464,1041.5336169786365,0.9738640033171277,0.9341210443416749,1.223445362899169,0,60,67.5695156855425,53.32842387700448,29.37934073502062,685.7179994647329,715.0,402257950,724,1373,147.35006133925734,5.8145568585194045,0.0008309696323782647,191.5159823616262,0.7504615130024855,399.1820776085659,0.13958451811338832,206.3930365771372,1405.212328072639,6.94936264995622,11.106249384596044,0.00022828395695840788,4.472101420109801,-0.14866605001856065,0.8988906958673879,466848,119775,513.6887246921311,231.58202276601855,729.8540060148057,63.10629260901848,11,1106.5584415584415,5.552812930086886,/allen/aics/assay-dev/MicroscopyOtherData/Jianxu/Nucleus/segmentation/20180924_R04/shape/20180924_R04-Scene-03-P12-B01_seg_0_cid_5
778812,41972,0.44459899732906516,-0.8955202241623708,-0.019371620741875845,-0.8950462374158514,-0.4433111550036427,-0.04865647682543093,-0.034985203468287596,-0.0389711170678143,0.998627702185739,167.14509406173963,126.2388534267047,65.3146988604354,235.52999294940494,818.2995237092539,1510.9471768996505,0.987775629241942,0.9576819442835965,1.2025627973775208,0,63,67.82305999393948,76.068779114857,27.5665321027411,800.7762130013405,834.0,623654124,836,1578,182.2514286867519,6.1858787178605334,0.0005961937044383377,184.95427025309192,0.8124898667693109,509.2867108407108,0.13410802900017052,225.04934103113465,1852.1925731097485,7.292579852139965,11.500635137268025,0.00021882814997945495,4.509697621162724,-0.1807375114410583,0.9394096619435703,634281,144531,547.1787505794605,254.25850124134075,858.5624226486368,89.77564117648528,20,1216.5785714285714,5.642711977279808,/allen/aics/assay-dev/MicroscopyOtherData/Jianxu/Nucleus/segmentation/20180924_R04/shape/20180924_R04-Scene-03-P12-B01_seg_0_cid_6
433970,28346,0.7209930140040833,-0.6889821108859139,0.07397786585525479,-0.672083513735801,-0.7212903036809193,-0.1674635732940948,-0.16873892355306663,-0.0710207624225282,0.9830987880081407,115.75269071412058,103.9064706660243,64.44320853601408,212.1991597873192,558.573432820952,766.0819928711372,0.960872007660205,0.9250296846490323,1.1870820102984738,0,60,57.26578795769293,56.43959490287347,27.565165794870612,649.59851141784,683.0,281906266,686,1150,142.6215153973447,5.700671628359279,0.0007277122397742376,286.6231335461668,0.7091210143849479,517.112069163465,0.12841580103094297,255.94712949419,1781.8251431076933,7.02077120049224,11.290428773720093,0.00020572024001894136,4.641907120113764,-0.14046179296415334,0.8898334795622215,335677,98293,488.52294670017193,217.8693216826268,696.7646874823118,50.752807235970586,12,969.1785714285714,5.846344342929342,/allen/aics/assay-dev/MicroscopyOtherData/Jianxu/Nucleus/segmentation/20180924_R04/shape/20180924_R04-Scene-03-P12-B01_seg_0_cid_7
681270,36327,0.37094350823816313,-0.9286407228197489,-0.005227008396615889,-0.9283972120024769,-0.3709672144407346,0.021492848952847338,0.02189818353177878,0.0031198927700704323,0.9997553379838048,152.13951978002342,116.44010419104067,59.046164222613704,222.2875934854661,750.0062192958225,1365.3122206648766,0.9866573057398901,0.9550697894277113,1.2663225790941408,0,58,64.1376840312945,77.96179635093281,30.95616422270172,716.0630983310582,749.0,487832307,752,1356,154.90024795074115,5.887768528138924,0.0007115848785101798,213.8148277033429,0.7566948053724947,459.2547287058853,0.13318570815582256,228.52588517912878,1623.2040871201987,7.076724908232597,11.291138075275187,0.00021736084982362677,4.531099678548202,-0.1548185453007957,0.9100439592935747,553650,127620,510.76972261401033,237.76838474570297,763.3845841235437,67.37473749322675,8,1143.5535714285713,5.893810289066774,/allen/aics/assay-dev/MicroscopyOtherData/Jianxu/Nucleus/segmentation/20180924_R04/shape/20180924_R04-Scene-03-P12-B01_seg_0_cid_8
