dna_volume,dna_shape_1st_axis_x,dna_shape_1st_axis_y,dna_shape_1st_axis_z,dna_shape_2nd_axis_x,dna_shape_2nd_axis_y,dna_shape_2nd_axis_z,dna_shape_3rd_axis_x,dna_shape_3rd_axis_y,dna_shape_3rd_axis_z,dna_shape_1st_axis_length,dna_shape_2nd_axis_length,dna_shape_3rd_axis_length,dna_shape_1st_eigenvalue,dna_shape_2nd_eigenvalue,dna_shape_3rd_eigenvalue,dna_shape_meridional_eccentricity,dna_shape_equator_eccentricity,dna_position_lowest_z,dna_position_highest_z,dna_position_x_centroid,dna_position_y_centroid,dna_position_z_centroid,dna_intensity_mean,dna_intensity_median,dna_intensity_sum,dna_intensity_mode,dna_intensity_max,dna_intensity_std,dna_intensity_entropy,dna_texture_haralick_ang2nd_moment,dna_texture_haralick_contrast,dna_texture_haralick_corr,dna_texture_haralick_variance,dna_texture_haralick_inv_diff_moment,dna_texture_haralick_sum_mean,dna_texture_haralick_sum_var,dna_texture_haralick_sum_entropy,dna_texture_haralick_entropy,dna_texture_haralick_diff_var,dna_texture_haralick_diff_entropy,dna_texture_haralick_info_corr1,dna_texture_haralick_info_corr2,dna_io_intensity_outer_volume,dna_io_intensity_outer_mean,dna_io_intensity_outer_slice_mean,dna_io_intensity_mid_volume,dna_io_intensity_mid_mean,dna_io_intensity_mid_slice_mean,dna_io_intensity_inner_volume,dna_io_intensity_inner_mean,dna_io_intensity_inner_slice_mean,dna_bright_spots_number,dna_bright_spots_number_used,dna_bright_spots_intensity_mean,dna_bright_spots_xy_cross_sec_area_mean,dna_bright_spots_xy_cross_sec_area_std,dna_surface_area,dna_roundness_sphericity,dna_roundness_roughness,dna_roundness_roughness_xy,dna_roundness_roughness_xz,dna_roundness_roughness_yz,cell_id
539965,0.5526463894371082,0.8334007888427855,0.005009331128098204,0.8332801172697036,-0.5526548783902644,0.014725201337536693,-0.015040425695987604,0.003963653323059703,0.9998790302067635,181.9438713535781,108.54799811246954,37.51826259742851,99.43121644880634,701.2789827797591,2094.9992298556494,0.9988730813909602,0.9898973996254863,0,36,72.07738464530108,84.15940662820738,18.043813950904227,731.7486244478808,770.0,395118646,787,1316,175.69130533519512,6.123670193623455,0.00041249945218882787,311.08306523942633,0.7727082178042988,722.1703228605176,0.11332415977477367,246.92761065604958,2577.598226202645,7.5142990326129215,11.981030707085147,0.0001769853109603462,4.822806735919089,-0.169221401837929,0.9345205240461699,102982,655.165116233905,783.5490683229814,86157,790.4531726963567,805.8421395955643,225574,792.309605716971,812.8469127102968,14,14,1002.8173446294923,99.71428571428571,126.24377131533406,54070,0.8754447760520199,18.931515042552654,13.341254744034751,15.439823434142154,21.05946645352993,20181012_R01-Scene-01-P12-A01_seg_0_cid_1
714925,0.973641423512685,0.18770450980439846,0.1295738994523304,0.1692921641328625,-0.9754346995667591,0.14095144569786636,0.15284809970491725,-0.11530032038202229,-0.9815005321121323,154.18407084223284,133.0465636942024,66.07933382278264,224.24944829479824,863.5838589144848,1282.000008302592,0.9845823713423355,0.9656965935947849,0,66,76.1961114802252,67.12605657936147,30.804485785222226,1060.1566108333043,1119.0,757932465,1150,2780,266.540700543236,6.5994136212914345,0.0010180716600673519,103.10356933478019,0.8439116777897275,339.63912144438297,0.17385606410295995,167.53193646772738,1255.4529164427497,6.946313201197298,10.761513229096483,0.00029196069054874364,4.120865777711202,-0.2013168485037395,0.9478845387606316,136963,907.9902528420084,1061.8092328581126,110014,1171.174723217045,1172.1778084079945,302592,1168.2336644722927,1167.9749671949128,9,9,1824.8038733503304,76.55555555555556,153.76613636089718,61902,0.9347686580892369,12.404548670328591,5.387737273266199,16.79629794317341,12.459267497405303,20181012_R01-Scene-01-P12-A01_seg_0_cid_2
650836,0.9910607727741422,-0.13190133962642034,0.02001452655138276,-0.13224235901824835,-0.9910751783848171,0.016791345115612456,-0.01762109955732049,0.019288011671984493,0.9996586764771926,189.09755375992683,111.3626827108215,45.79660530140783,132.37925322505805,708.0849024741095,2250.656427871869,0.9982687190221926,0.982368682903009,0,44,95.49280463895667,57.25657769391982,21.10910429048178,863.9680395675715,913.0,562301503,936,2368,240.68480696290774,6.492390267846043,0.0008528275122287284,114.3749205109276,0.8434998701673568,374.8331104225393,0.1625816668925821,144.8285434989887,1384.957521179231,7.05201742778527,10.985599288874301,0.00026866582994419097,4.234628445623489,-0.19587708270748605,0.9459655664217169,149136,757.3131772342024,936.1437535653166,116878,958.1010113109396,953.1385542168674,207207,973.4213033343468,975.8162454568507,17,17,1587.7736072835341,77.0,152.26640740337118,59962,0.9049148624947788,19.02449871573497,14.84666724675967,24.835117659830818,12.074865779395788,20181012_R01-Scene-01-P12-A01_seg_0_cid_3
406690,-0.075427731209943,0.9968900476813592,0.022823019046085857,-0.9940691303617043,-0.07337669401795284,-0.08026471726057934,-0.07834042013191937,-0.02874184421454447,0.9965122603183069,138.40006642635925,112.79189199603563,42.98499067434406,106.45768957661119,686.2756386341842,1100.002381450393,0.995305845847552,0.9878950372205401,0,41,58.7388649831567,67.83588974403108,20.553559222011852,905.5257173768719,963.0,368268254,981,1954,255.44670242814016,6.612935896931251,0.0004458589088845198,207.1832205816557,0.8388749732790513,668.1921483554512,0.12559783978474617,199.51687381943958,2465.585372840144,7.548441391367097,11.842514037252736,0.0002002172466845774,4.631135670586965,-0.19845316856148779,0.9569514012507898,99870,784.0158906578553,927.4164759725401,76100,1020.0759789750329,1011.0301418439716,112201,1055.6347804386771,1067.491468493887,11,11,1490.3329989849726,22.90909090909091,6.815150841451385,42682,0.9280557951920704,12.849346572616799,5.358723510601759,12.806804067022027,17.026016388113884,20181012_R01-Scene-01-P12-A01_seg_0_cid_4
677287,0.9465263702493946,-0.32203321054793993,0.01955611737263347,-0.3216541662027582,-0.9466410067037905,-0.02023367962686729,-0.025028539448285713,-0.012861404706350055,0.9996039998329663,166.13124060024316,127.13236602776472,48.01950973709381,150.51613312924988,897.9515870201604,1649.6773067675035,0.9958289558646957,0.9858513985521531,0,47,82.51554067920985,66.84008994709775,22.739141604666855,857.2374827805643,903.0,580595803,929,2141,230.87421377629016,6.441160899849813,0.0007227003331097341,133.5601521910443,0.8424004705556505,438.05166937680275,0.15594371883030622,166.06161024709994,1618.646525316166,7.186670035456212,11.170124861934609,0.00025553328065259595,4.309483174646622,-0.20343248510848155,0.9531404541029225,144516,740.6424548146917,916.5410471881061,117481,951.047522578119,956.303738317757,241433,957.4801621982082,960.1250312578145,13,13,1485.645629551423,25.692307692307693,10.80871881246172,60052,0.9281617372362431,15.632969702381583,7.454823675156325,21.103992314854768,15.159253485997883,20181012_R01-Scene-01-P12-A01_seg_0_cid_5
631736,0.05307508531546101,0.996702121497868,-0.06138335540197931,0.9979596537820008,-0.05512592007878184,-0.03221276701522018,0.03549034716744347,0.059548416747356864,0.9975943170050726,190.17176823404668,123.39053442108315,52.76960036523436,146.41199859298297,723.9573020226125,2078.8897639960933,0.9975168671174593,0.9793363117926063,0,52,57.915865171527344,102.34949884128814,26.253150050020896,981.486907505667,1031.0,620040613,1078,2666,260.63305622272526,6.660083844732628,0.0008927483287905711,119.94232985023228,0.855987154879644,428.77852594228,0.17171580650144952,163.03859105068088,1595.1717739188894,7.121681276250832,10.95563241250854,0.0002836545635111085,4.187805149065233,-0.2183931115430189,0.9602324706638415,145501,870.4849382478471,1005.5104166666666,117033,1096.0184563328291,1112.2571588994947,194120,1092.2188543169173,1093.0416427340608,8,8,2121.687319806685,19.5,3.278719262151,61880,0.8597361659135822,18.515539598050132,14.510505321759052,13.1217904365813,24.53791015579142,20181012_R01-Scene-01-P12-A01_seg_0_cid_6
577861,0.6261992416197616,-0.77885091112458,0.03557763391861369,-0.778301016268687,-0.6271502421836023,-0.030497570463532287,-0.04606558227098622,0.008592553139783328,0.998901461687075,138.04983238507913,117.40159497557775,57.13806023749889,197.37396777258868,736.1464517220961,1108.3472754800423,0.9840160969750568,0.9633861348613448,0,55,65.76971624664063,65.16474204004076,25.53843398325895,923.1606216719938,966.0,533458520,975,2698,239.01607407691614,6.450458102123,0.0012342363722499998,91.44838017603965,0.8467471771414066,305.2604122864435,0.18369097364135917,139.27478014874643,1129.5932689697356,6.821329799637403,10.551266986616257,0.0003079046957231596,4.05920921108964,-0.19954551136025292,0.9434766096099368,113540,807.6700898361811,1016.331534309946,92335,1002.7033194346673,1000.2352941176471,234246,1019.7519573439888,1028.3915386379272,17,17,1601.8840531411756,138.64705882352942,212.32215843368238,51718,0.9685757213481133,11.286812525426674,3.9397546654222384,12.950819441385265,13.739693208762105,20181012_R01-Scene-01-P12-A01_seg_0_cid_7
400943,0.997389591086096,0.041655933291208334,0.05898124121064639,0.04129579259629607,-0.999120206568867,0.007312341596788381,-0.05923395231582745,0.004857576290995284,0.998232309057177,128.71721001034481,120.62570262878823,43.39209374525706,110.55134378105299,774.7312328080773,936.6321246858707,0.993009946700013,0.9897665091445443,0,41,62.41729622415156,63.68607008976338,20.366560832836587,904.9375272794388,955.0,362828367,990,2245,259.2672286589198,6.675187226588027,0.0005587723806103806,153.06856649418282,0.8547544290320517,543.7820972105908,0.14281174964328416,170.1308615139166,2022.0598223481827,7.419217284935769,11.528878837489852,0.00023158694357549062,4.437711900991175,-0.21047509577696183,0.9610741046355329,96158,790.6452921233803,951.6628787878788,72589,1023.8313105291435,1013.0708878183069,118638,1026.263600195553,1047.193319700068,10,10,1566.4753833001062,72.7,150.47195752033002,41874,0.9363329662580404,12.266263561413028,4.052358154150725,15.544405166447888,13.634721635547168,20181012_R01-Scene-01-P12-A01_seg_0_cid_8
874851,0.7416543287966032,-0.6700179248656987,0.03201307445283958,-0.6685767464638547,-0.7422404023127215,-0.04565434549367749,-0.05435062708991823,-0.012456545801776985,0.9984442116621344,171.2513434261011,152.3108268479627,54.723163542550765,172.42348216132038,1270.852369315129,1687.5553892113548,0.9947665911459697,0.9907533341096417,0,55,80.44484832274296,83.13930600753729,26.219572247159803,915.0307023710324,954.0,800515525,965,2090,237.20816046268956,6.568545428971699,0.0005843740577621009,145.73768103001117,0.8595090700459914,533.4853020545955,0.1456009717809731,190.09690854148036,1988.203527188369,7.403904449020184,11.502173444443754,0.00023888158441636839,4.385988941061457,-0.21046933946632726,0.9608181044880811,174264,778.284132121379,938.6345926800473,143335,997.6080161858583,987.0236650485436,346476,1030.9216136182592,1025.7084267440327,21,21,1474.6640224756857,50.095238095238095,105.62958855038804,72722,0.9097680884121617,16.33322752507181,4.095766006864098,19.414118499168417,19.727226235235655,20181012_R01-Scene-01-P12-A01_seg_0_cid_9
428102,0.995044933140029,0.09784859047601031,0.017641835908242455,0.09885436908433404,-0.9926269414352387,-0.0701396382216322,-0.010648696882417067,-0.07153606418290846,0.997381169250716,145.68667924378482,95.72573438360895,51.501589647375496,147.53549404425564,502.0937049207003,1199.642182453582,0.9924087879058598,0.9558544486042848,0,50,71.21994057490971,49.81802467636218,21.153862864457537,856.7622996388711,899.0,366781654,942,1707,210.7052507226561,6.4148645379096685,0.0004515820845260579,216.27825052387308,0.818341156209137,614.6583328196873,0.12436584787237356,219.13211310262906,2242.3550807548772,7.487088634689363,11.811493163599172,0.00019960497842997266,4.633515328415059,-0.18556160578882647,0.9479338133353633,84704,755.8365484510767,881.5668647845469,63954,926.1631485129938,945.3014705882352,178723,946.6886802482053,959.1899286857808,9,9,1351.3359735427784,39.111111111111114,50.01431893733466,42694,0.9556305812787543,12.597248218477878,9.284585364719836,17.054447845231937,8.509654693109075,20181012_R01-Scene-01-P12-A01_seg_0_cid_10
163825,-0.2670807487708169,0.9628662255469898,-0.03945257072629483,0.8754649321390758,0.22531913574994875,-0.4275423249920638,0.4027766455875302,0.14872766644370417,0.9031340182959933,126.67551609075782,80.66171278350392,60.881149539965705,114.96450653434059,222.38895809027957,790.8033984163797,0.9893763549159181,0.8560141423337285,0,50,46.871564169082866,60.66574088203876,26.07873645658477,955.0321135357851,1026.0,156458136,1121,1967,328.35118559825946,7.032325806967337,0.00025537515090471067,580.8799861128524,0.7924655240353723,1430.109516055952,0.114800025037048,253.16610552770837,5139.558078110957,8.073740844268276,12.73924764858507,0.0001591013381957345,5.134954476159132,-0.2060016934585437,0.9656492343843855,63826,932.5573277347789,964.791475409836,20079,1163.287364908611,1173.9324324324325,19049,1185.0739146411886,1187.1544195953143,9,7,1471.5225497121926,27.571428571428573,9.178501945262292,37688,0.573459435005766,11.549947699473929,12.054711664525936,5.26741741404298,11.0292657229268,20181012_R01-Scene-01-P12-A01_seg_0_cid_11
366254,0.844057436577925,0.5353588031860367,-0.030951504143044366,0.5318112226194863,-0.8430842598231881,-0.07991091498884417,0.06887573777078165,-0.05098904479985577,0.9963213588280283,114.73711923061543,90.54039948987457,62.95313831133582,229.92094244332347,415.85780903962973,678.2028876245349,0.9407809730629575,0.8332585302981309,0,60,51.76217870658068,48.00624976109476,26.97959612727779,1037.545050702518,1079.0,380005025,1095,1877,233.4683134852301,6.53280688102889,0.00040866003554356796,238.16832819601046,0.8192359903295597,674.9476695748339,0.11881938734267189,244.64767927059685,2461.622350103322,7.56340624015814,11.988911758773135,0.00019111284793938113,4.6894877602668075,-0.18178940571776553,0.9472109086482696,71495,932.9360794461151,1066.421933085502,53221,1099.9949643937543,1118.5762004175365,157067,1139.442581828137,1142.0385056154023,7,7,1565.0006489691943,39.142857142857146,18.357003890524584,36706,1.00469464119029,6.821627183204795,4.600329459198599,8.318369217428215,6.387460690256751,20181012_R01-Scene-02-P13-A01_seg_0_cid_1
571324,0.6670863281598863,0.7417470700647579,-0.06933336017032105,0.7117527295050465,-0.6620515352818204,-0.23472498093108965,0.22000882442365063,-0.10723361730973768,0.9695860294447276,148.59906385560208,108.46716545799124,64.70232771579181,204.47789316300248,610.7473007500058,1281.8823160912357,0.987195702045654,0.9422893888492099,0,63,66.81472684501264,67.70979514251108,27.820742695913353,1067.8869450609461,1119.0,610109441,1140,2411,271.22645947374696,6.640642592009672,0.0007014675757381513,161.1269477215975,0.8406391292139666,520.3117518877765,0.1507767688687584,203.00826491502215,1920.120059829507,7.28706809322656,11.3369995953404,0.0002457594815881755,4.380534195637202,-0.2042586291500207,0.9551022291158705,118752,939.0785670978173,1086.28153955809,92611,1172.5763030309574,1181.810502283105,217635,1181.253373768006,1179.0096769975153,11,11,1766.4119870533539,34.72727272727273,16.53696085682509,53612,0.9295611221624563,12.338917499268712,8.699990624459383,12.252833168344885,12.707078319501388,20181012_R01-Scene-02-P13-A01_seg_0_cid_2
710453,0.7553615894723916,0.6552994624816448,0.003388749180694697,0.6543479149608152,-0.7545244280460824,0.05021646809728904,-0.03546371858923551,0.035714170198945176,0.998732608214443,150.09923881280005,127.69805281247353,64.98958447547852,244.7737817058898,825.812048138637,1231.2592794298903,0.9800401735740278,0.955062731660149,0,63,71.64572744432074,66.6676866731508,28.58920576026845,1047.7843699723978,1098.0,744401549,1112,2224,257.28769332790125,6.565132422772595,0.0005998987651299424,168.76064405117302,0.8351870898236474,526.9245329920935,0.13882139631698423,205.0241789230122,1938.9374879172024,7.327625256219497,11.514163207182072,0.0002269495428699464,4.462819872915166,-0.1896497060743982,0.9470933029161142,137133,921.6220238746326,1094.0270655270656,109179,1149.1074382436184,1139.9366576819407,299406,1141.2252025677508,1146.77420683972,13,13,1676.079726913884,34.69230769230769,17.890197639982436,60184,0.957928928580282,11.593227772892094,4.9234150842211735,13.703325079323152,12.95053010846775,20181012_R01-Scene-02-P13-A01_seg_0_cid_3
711100,0.14478643928059892,-0.9890978474934222,0.026876292235432916,-0.9891986910538187,-0.1453220681122976,-0.019168884604384994,-0.0228656208718905,0.023810598552820576,0.9994549608555153,162.35908984120033,109.09361325101679,64.94212837031114,260.72303290639917,641.206163149261,1488.3502474679037,0.9845371595158557,0.9136003087568748,0,63,59.18449303895373,83.87125158205598,30.33687807621994,1059.324995078048,1100.0,753286004,1110,2479,242.93230149227918,6.5476933829902775,0.0007351768649297998,129.0503628671367,0.8313489244672734,390.828927091344,0.1515474230519322,176.21583228299735,1434.2653454982415,7.147183339102379,11.201208357882505,0.0002518053958042486,4.3101659307102995,-0.18774528102364915,0.9419710514546382,127496,944.3787648239945,1100.2560483870968,103126,1134.3750751507864,1152.9180327868853,326342,1142.935671779912,1131.8136393586647,25,19,1644.606982439645,23.894736842105264,13.931768833335012,58964,0.9752156760199899,12.996389316000286,10.63505462117637,7.972901110524743,17.40487195331989,20181012_R01-Scene-02-P13-A01_seg_0_cid_4
367467,-0.39070096226829076,0.9177660387515035,-0.07112141869370477,0.7800220323744698,0.37110607316069827,0.5038312331263792,-0.48879278543472143,-0.14137107404847665,0.8608692306787057,114.38639701058233,89.86073714568064,79.26726714373214,247.8070079509726,391.80201221355134,706.6513474577632,0.9364961361584652,0.7745765420617046,0,71,50.066972000206825,60.830259587935785,31.15451455504848,868.0148367064253,908.0,318966808,914,1616,202.23340654538268,6.248502742992151,0.0005759136541590961,262.510912149313,0.761588332734668,567.9503312111173,0.13131487543951256,255.52662947882254,2009.290412695147,7.3058444165233425,11.583968604048662,0.00021023879955121993,4.615607996265323,-0.17042847881397727,0.930810717848844,81658,813.8493227852751,864.590616375345,58172,937.4347280478581,919.6958377801494,132053,943.7124790803692,953.3311620635748,8,8,1341.528573413081,27.125,22.6850033061492,39228,0.9478907799932291,7.117503615601473,7.443707266986159,4.744861690972701,8.248614183763895,20181012_R01-Scene-02-P13-A01_seg_0_cid_5
694880,0.7716930641177095,0.635796469288575,0.015895421756047065,0.6290137055644782,-0.7666766771706743,0.12864148201329773,-0.0939764492022571,0.08927330128720377,0.9915637673254403,159.9038123289366,125.59855124713759,65.06156345826385,214.18247902470318,804.9494998584144,1336.6429698930738,0.9870782278179868,0.9639504298906242,0,60,69.59348088878656,65.7153868293806,29.473758058945428,991.2489739235551,1026.0,688799087,1025,2315,251.68005556562238,6.651643460375233,0.0005958655869181761,153.56598992342373,0.844620826253774,505.38883939922687,0.14441886601118062,184.88639110150487,1867.9893676734825,7.364684552370718,11.51542478927347,0.00023427975213551316,4.428460863182374,-0.19800076449530155,0.9534145434507639,135883,873.5713223876423,1004.0820105820105,107754,1085.4164114557232,1078.3889250814332,287832,1083.8440896078268,1078.0056262955286,39,39,1595.2605816437922,37.46153846153846,78.9335475635453,59748,0.950215431206225,12.618907481602623,6.539535625977558,14.175567105555599,13.022182180645007,20181012_R01-Scene-02-P13-A01_seg_0_cid_6
882822,0.5039122362645404,0.8616090838831378,0.060846073931931935,0.8636943966044917,-0.5017917197621604,-0.04729756074192895,0.010219951901680745,-0.0763862327137156,0.9970259254577754,178.7892322573358,126.66268448087162,67.79090965611695,258.2514348505668,849.5283125488305,1747.8072027527865,0.9890236362014485,0.9526739744717352,0,66,69.6850520263428,87.70791620507872,32.327110108266446,945.2183305354873,977.0,834459537,980,2188,235.68851199892174,6.556095100253738,0.0006520878453222616,148.76973800626894,0.8393682395539207,473.1025759667496,0.14773731693730105,188.2035929153094,1743.6405658607316,7.294875580518973,11.413760009084418,0.00024145719279748651,4.38709568625914,-0.1940452661286201,0.9494626644750611,169417,842.2804559164665,983.8215144230769,134470,1023.8698073919834,997.4756898817345,376164,1028.6889840601439,1033.6154041258033,37,31,1603.6880725660321,20.870967741935484,7.893410626689838,70926,0.9410834269253047,14.795907352988545,8.957659804147996,13.263309824094735,18.058587790157407,20181012_R01-Scene-02-P13-A01_seg_0_cid_7
650304,0.9952019962607995,0.08415759560695658,0.049904766707958126,0.09131577106513804,-0.9820770825453417,-0.16488187861014156,-0.03513426523066982,-0.1686478669918065,0.9850499887649433,156.25647242173184,118.59968846692821,62.28243461202956,198.87280445117815,769.3504433831388,1417.0823465935935,0.9901034237827654,0.9660127481453202,0,58,78.55847111504774,62.77332293819506,27.615061571203622,903.952471459502,947.0,587843908,949,2218,228.88768926266633,6.42987181903298,0.0008182049863895396,134.65720048612684,0.8221939662444433,390.4413447878685,0.15651648107762808,170.1597990865835,1427.1081786653483,7.083375197400899,11.067530423905948,0.0002589754864604299,4.291435203906927,-0.18993476158509418,0.9426214464786704,133369,805.7557903260878,930.0392535392535,104133,993.2368317440197,997.6809256661992,253154,988.8819295764633,996.2809147068386,13,11,1468.9804972375985,31.09090909090909,11.547959642327577,57994,0.9360616978229811,13.733199540648052,8.707190514538745,16.838908149683515,11.11508126238237,20181012_R01-Scene-02-P13-A01_seg_0_cid_8
698166,0.09497187057922321,0.9913710721979244,-0.09035342277866916,0.995383452203916,-0.09330691522037328,0.022485609857697212,-0.013860983994569613,0.09207180231317169,0.9956558925359236,143.61259594064842,118.25233713245025,73.11633882254212,306.20654803404096,736.8239703977729,1097.2733620137014,0.9602732851153715,0.909558340198709,0,71,62.69603647270134,71.05576037790439,35.13109346487798,868.6744227017643,899.0,606478947,901,1887,194.32769501575365,6.246678149230316,0.000745110560148723,170.94983240604842,0.7810208643587813,399.8676261526521,0.14577243010442203,200.21711016147336,1428.5206722045607,7.096120113883317,11.224647311050424,0.00023858961839880183,4.413013400783401,-0.16923265082513977,0.9248830010547652,132571,808.9720451682495,902.4268041237113,104146,940.241219057861,948.7987711213518,302765,919.52622991429,905.5144690488173,30,30,1355.5322407682565,20.966666666666665,8.75398322035302,59052,0.9655780099013448,10.048358416584199,6.74954090028361,9.45396407516749,13.239356992148526,20181012_R01-Scene-02-P13-A01_seg_0_cid_9
631948,0.23745169870170585,0.9704773802188357,0.04231247176967877,0.9711723340273916,-0.2381125347225093,0.011256927991698086,-0.020999723890148078,-0.038419725293235486,0.9990410083199437,130.84058673925543,115.35047157331371,72.78404692113405,309.3484228988353,686.3161540214663,901.8103700445658,0.9393242815577811,0.8926565476723038,0,71,57.69468057498402,63.51576553767082,32.16824169077203,970.576840183053,1004.0,613354093,1009,1847,210.0188159166784,6.370463198852235,0.000518963195278664,201.06606982037945,0.8096951112577275,540.7086973958847,0.127270680831081,228.31902056384814,1961.7687197631515,7.365665861845883,11.691129946950484,0.00020743650456992683,4.575285937678218,-0.1734198172572816,0.9358712157968463,109284,878.2695454046338,972.0163568773235,86280,1030.1892906815021,996.8003327787021,305144,1041.2527167501246,1033.5082477014603,15,15,1483.569901860062,33.13333333333333,22.72404502332765,53520,0.9940403411934307,7.984339250570339,3.5005839521884097,8.647986599840776,10.63876449122844,20181012_R01-Scene-02-P13-A01_seg_0_cid_10
697886,0.7814453769243698,0.6234505108950965,-0.025545710954542014,0.6164413645607227,-0.7650228142891082,0.18638706413184009,-0.09666005866977292,0.16139874250382408,0.9821442251401473,149.82345858896994,121.25161879318094,68.88349269576648,237.26377927477955,766.5999768067608,1265.2492906281414,0.9822601463303653,0.950898981348127,0,63,68.98684025757788,65.84917737280874,31.794641245131725,1015.7766067810502,1062.0,708896273,1082,2158,246.08327238266324,6.520478454769076,0.0006048531235885462,163.47030492949932,0.8346282941729716,508.96950597366117,0.13875360338217735,205.39232157545413,1872.4077189651434,7.311056633677067,11.486542409665462,0.00022678176976239983,4.457681901580177,-0.18895740075208745,0.9465028471732542,131695,879.9587835529063,1022.6358024691358,104968,1105.9232337474277,1097.25,303098,1114.8464490032927,1115.4544282029235,20,18,1535.4199498778094,53.111111111111114,110.6641008180907,58820,0.9681221402191927,11.592305653822,5.738913971526704,13.415267310164047,12.374485369650891,20181012_R01-Scene-02-P13-A01_seg_0_cid_11
376162,0.9698260691109637,-0.14562310144045817,0.1955282792836839,0.1388422234527779,0.9891493636068982,0.048024717206427814,-0.20040018128600862,-0.019428041664832668,0.9795214742605721,135.45046909377444,87.42410980689195,64.19431589600352,186.330098540115,380.17712181861515,1023.2310889880698,0.9832800672467166,0.871658389403099,0,60,65.30873931976117,38.78073276939191,27.228032071288435,986.6778170043758,1034.0,371150701,1045,2121,246.67786466184594,6.579630541395447,0.0005733683936523262,194.90021006745943,0.8177587816127342,550.956759885911,0.13893839995407797,210.83706713071496,2008.9268294761803,7.373295256201739,11.551933174518958,0.00022352685593762163,4.513634709197576,-0.19321920231131917,0.9506854973980849,86480,889.3314176688251,955.981936416185,63409,1090.1942311028404,1098.373920552677,124161,1098.5604255764692,1089.0531914893618,13,11,1592.9888780661,25.727272727272727,9.215509743617591,40008,0.9415816228628227,10.9255064098267,8.184906115267609,13.933440830000453,5.443726545473208,20181012_R01-Scene-02-P13-A01_seg_0_cid_12
356615,-0.017016514021745078,0.9937519711536559,0.11030620145200817,0.9861768786269287,0.03486719694400651,-0.16198593346002552,-0.16481990872523816,0.10602498953308687,-0.9806085351873668,113.3537984514326,95.75584218098777,63.982084975188855,196.48730178682786,470.0035262814109,654.6586610874245,0.9538960987820836,0.9084217395078366,0,58,47.70407301992345,56.33218176464815,27.920785721296074,1025.0959325883657,1075.0,365564586,1074,2070,251.65926829146414,6.582294482494117,0.0005031155925394122,203.37392532896627,0.8178554051178661,573.8261617578981,0.13002363499011707,220.63744126119124,2091.9307217026244,7.423273760384395,11.706970435401836,0.0002101675607776899,4.575054559253723,-0.18556459561794642,0.946822774831471,73373,913.1296389680127,1044.8864503816794,56052,1106.562941554271,1104.1324296141815,139415,1139.0467955385002,1147.8496097869647,11,11,1599.3487765952582,19.727272727272727,10.03712118353129,36600,0.9909792989895352,7.193626932256827,3.1580321867624055,6.861652594272381,9.896065003857412,20181012_R01-Scene-02-P13-A01_seg_0_cid_13
685478,0.11435214391653413,-0.9910694995091285,-0.068591794876778,-0.9765166680923045,-0.124825924676129,0.17559523190181828,-0.18258911281781368,0.046901339762048196,-0.982069997611641,152.95955875932924,127.70033039402875,72.22000035278968,244.02844312986974,798.228586051586,1216.9695655727978,0.9796893219053341,0.9521238772721479,0,66,59.3391837520679,72.03170925981578,31.07560271810328,1045.985672771409,1094.0,717000167,1113,2054,253.1445571456957,6.585407970450592,0.0005018682531965575,205.45933657223108,0.8220194871850638,593.3934497729074,0.13019575202179273,230.70598103468757,2168.114462519399,7.440136312894165,11.748006576621588,0.00020984897191062614,4.577026016391163,-0.18429375553594157,0.9460653267591957,132814,928.1834143990844,1060.1277445109781,103931,1141.0697481983239,1141.4660056657224,289788,1139.622130661035,1119.589084138252,26,24,1600.372178201176,24.291666666666668,9.964433278192772,59586,0.9444317185903678,11.766411878535779,6.6686937140041,11.169023735234397,15.425696672093155,20181012_R01-Scene-02-P13-A01_seg_0_cid_14
500201,0.26922564330912513,0.9629397023687587,-0.016269068404615592,0.9160509418154656,-0.26125726880151123,-0.3042947773087362,0.2972679346713773,-0.06702066174204323,0.9524389775286772,143.45180975068723,89.74186376754744,76.47045687897705,273.79919158402373,382.7086991955568,1233.07351264349,0.9750361632877749,0.6986900175480614,0,68,51.611540160855334,71.06010383825702,32.988238728031334,1017.0439243424144,1057.0,508726388,1069,2269,234.24340714396382,6.471246348516284,0.0007923140963469784,166.44819722214862,0.8056779773183211,437.90082612240536,0.14936309557968333,202.6393198761149,1585.1551072674752,7.10161868730151,11.20828609819156,0.0002434630932260778,4.401423074340905,-0.17511302600882184,0.9312922057423574,105629,953.4647776652245,1087.6924846625766,79356,1091.27347648571,1093.0382608695652,190366,1093.2744187512476,1096.3260093896713,12,12,1822.4205862668034,21.75,9.908960591303208,48694,0.9369954375164812,11.617172411545875,11.78935158504167,6.256189201290118,14.392970725079358,20181012_R01-Scene-02-P13-A01_seg_0_cid_15
710075,0.9673518954137492,0.24950862202197943,0.04444949916613028,0.24537896881286086,-0.9659517810171027,0.08201413545373973,-0.06339930680822836,0.06842955711226208,0.9956394546268523,148.40138298375535,110.75331844697465,73.75934165705452,301.2437882569945,635.8020551367874,1259.3396060824844,0.9709684106042381,0.8806318218378814,0,71,76.78920114072457,59.349281413935145,33.6926352850051,1009.8562363130656,1034.0,717073667,1040,2161,249.36150687866828,6.668376620571646,0.0004718895935578948,178.09201635661796,0.8517552361172012,609.9863231311167,0.1318278714991018,205.99850332097748,2261.8532761678457,7.527858484642735,11.828833365965666,0.00021224489994847845,4.548609769491502,-0.19474521255534566,0.9541704086526264,131326,898.2713933265309,1033.8549404344778,103148,1083.9196785201846,1055.9602750190986,318525,1098.8913397692488,1085.7545676713605,44,38,1580.6912850721624,36.76315789473684,78.44087086211275,59588,0.9674846391808913,10.560587482181658,7.29452736481012,14.388073739751142,7.645985079196738,20181012_R01-Scene-02-P13-A01_seg_0_cid_16
199877,-0.1460927713218477,-0.9589212406572646,-0.2431603511755869,0.8359424227958866,-0.2511032587786229,0.48800350326703507,-0.5290152813838612,-0.13197426888256697,0.8382873161483873,93.59575431358344,78.31413135824461,79.35320038249755,203.07559272937834,301.63661335046635,446.9160221798614,0.8908012334555604,0.7394187241600427,0,79,42.04888006123766,51.48328722164131,27.548767492007585,1007.9988442892379,1077.0,201475785,1119,2233,277.04054223673023,6.747947917786669,0.0005249106915659648,325.11955722317293,0.7579045183757054,687.4133464045769,0.14613506823904657,227.62800908536036,2424.533828395138,7.480624768560132,11.720572468544201,0.00022492203734398328,4.632017798175743,-0.20122255450115192,0.9559349502544345,61472,1018.1424225663717,1084.0362903225807,32089,1112.5670790613606,1093.7541966426859,39844,1067.6079459893585,1067.2058823529412,3,3,1732.9583194583195,50.666666666666664,35.6682242650545,33938,0.7280706585393967,7.247912665430282,6.903181082784353,5.98960567869575,8.13834090464841,20181012_R01-Scene-02-P13-A01_seg_0_cid_17
413909,-0.29755740553044974,0.9499054851707951,-0.09559895217220704,0.8503163904430896,0.30921864623986534,0.4258472319522816,-0.43407560004891155,-0.045424641550831805,0.8997305015292945,129.12104370649305,93.87889207211504,72.01437837685725,217.83527351367604,416.14574718180904,910.1845118548015,0.9709380633535367,0.8520508098932499,0,63,44.83981261581652,59.24634400315045,28.878188200788095,934.6539505060291,973.0,386861682,988,1634,197.05137994918647,6.260755337822841,0.00046912290038084945,262.63441188929346,0.763683403803515,571.8488784534404,0.11854317257005911,257.0906249048937,2024.761101924469,7.379680783348688,11.799624345465613,0.0001911129572283288,4.6952116738867655,-0.16061600250546923,0.924206665499766,79185,869.03410999558,966.1140202702703,61018,988.4410829591268,988.9627507163324,179271,1003.4793524886903,1010.7377846562016,7,7,1297.0217910810409,41.42857142857143,19.040236664624157,40516,0.9869309949086245,9.217469498196804,8.782439541944377,5.61059017391593,10.388617615862838,20181012_R01-Scene-02-P13-A01_seg_0_cid_18
532888,0.8750120698616478,0.4777779769438511,0.07798770636373131,0.4707064308154708,-0.877322200572819,0.09349445101730297,-0.11308993582717868,0.0450994581952719,0.9925606809082745,137.61421483436038,120.03634415773652,57.44227940588061,172.48632254168913,750.7091996158132,1047.7981879986974,0.9863574157712819,0.9732462562826664,0,55,65.38373729564186,62.28961432796385,25.90869000615514,938.129535662278,982.0,499917972,982,2424,255.93602697391438,6.62037873623933,0.0007295346107550044,129.11355547158962,0.8508571061297812,443.8917766846176,0.1589274297665616,168.30458507948453,1646.4535512668788,7.2318401924517355,11.205493990641772,0.0002606399108564817,4.289802444658355,-0.20942453225166757,0.9571797249826898,115613,822.1501042270332,1034.147768836869,89677,1043.1110987209652,1045.8960515713134,189771,1045.8925125546052,1038.806013229104,7,7,1966.794970995898,17.714285714285715,7.923099785064027,50256,0.9470730693736388,11.362575488753935,3.4715814512395555,14.536404322788385,12.854516909840438,20181012_R01-Scene-03-P14-A01_seg_0_cid_1
612558,0.6588153303307034,0.7516396298843053,-0.031626370462491296,0.7291177211103202,-0.627588596121193,0.27298333791922774,-0.18533674563922709,0.2029049551046365,0.9614987623028154,127.35946070341305,111.88147487244592,84.44926470366015,318.05938194910965,622.3796749410336,908.0853705706076,0.9366552320427295,0.8595583902628494,0,74,61.18691128023795,62.4966403181413,37.6922413877543,981.1855938539697,1015.0,601033085,1032,2751,236.42237177264712,6.519038287704553,0.0011364724103734782,92.15330919878215,0.8412356599680533,295.15259609977505,0.1882404338219435,153.57216172686296,1088.4570752003162,6.874405370311381,10.605346235535418,0.00031985710772874893,4.011786689041177,-0.20371217938210695,0.9476174850779807,112811,885.6043736869632,1021.1795088907705,89257,1045.4260730250849,1036.7174311926606,274793,1063.0708060248987,1071.5376672484003,12,10,1814.4795296930165,22.6,7.116178749862879,53522,0.9761101490203944,7.708247374489914,5.667757472607824,8.597633472103277,9.261195106792455,20181012_R01-Scene-03-P14-A01_seg_0_cid_2
673682,0.8700895639494359,-0.492887393611713,0.002483530739202158,-0.4918172737379027,-0.8685112616335325,-0.061676232608245715,-0.03255641195367811,-0.05244240301875382,0.9980931191057881,142.91874090741663,119.15895424972697,65.3700002873233,259.7143590238867,740.69446960192,1113.6021589974155,0.9724239841764134,0.9365117158151165,0,63,67.66545046475933,62.95875798967465,30.57818080340576,1054.8032395106297,1096.0,710601956,1106,2174,254.10380127561004,6.585702684511371,0.0005456192730411123,169.3035750955055,0.8531655552200521,589.2620386107441,0.1352385110818959,207.37118213982225,2187.7445793474717,7.430001950658928,11.64732813915375,0.0002206762620197312,4.491472151117023,-0.19644792280372553,0.953807126809211,121467,911.6304593017034,1089.8225806451612,100005,1151.5887205639717,1196.0532081377153,304234,1151.2721950866767,1146.6717811874582,14,14,1726.206666067917,39.42857142857143,17.257355722433616,56130,0.9893996277121904,10.183618074111232,4.298545468941369,13.00788685559686,11.327511673080009,20181012_R01-Scene-03-P14-A01_seg_0_cid_3
581028,0.0026646032845811644,-0.9926880483004894,0.1206786586381414,0.998756217840879,-0.00336663066312731,-0.049746187011277546,-0.04978872576717243,-0.12066111452884619,-0.9914443898813176,132.57372155548052,97.8421171100308,78.8322197823725,338.1723085382213,504.0802889058309,955.0819032996973,0.9352163632221145,0.7415750372971176,0,74,49.18287586828862,62.09833088938915,36.43605988007462,998.2536022360368,1034.0,580013294,1038,2548,233.6051092487341,6.483191299594723,0.0009823665747069655,106.40240664544989,0.8423967883419341,342.4757252108398,0.17120730232549125,160.59078425222964,1263.5004941979123,6.9564558317927485,10.84211728688826,0.00028756438224300464,4.145335014155791,-0.19065468345074982,0.9408026059214902,105765,909.8229281898549,1063.2272727272727,84061,1060.092754071448,1063.4929328621909,263759,1076.6458016598485,1086.8477034649477,15,15,1696.7856482660898,22.066666666666666,14.57150949246127,50354,0.9997579995842203,7.843451477276619,6.936924080124476,4.766741543293939,10.77184920987841,20181012_R01-Scene-03-P14-A01_seg_0_cid_4
498880,0.4082428372772366,0.9050530990391434,-0.11923369377602154,0.9119671919579134,-0.41016209391692404,0.009104806757022582,0.040664807933026445,0.11245418904303596,0.9928244702677523,143.08374187049304,97.31930729135586,60.45491927905065,196.36752209068786,522.9370660028239,1162.4377262138742,0.9856285056550558,0.9268187883828222,0,60,54.319503688261705,67.24088959268762,26.369231077613854,805.1731699005772,834.0,401684791,822,1834,170.8668726431545,6.1048507126381075,0.0009541939687110555,163.09055326732246,0.7587939669149913,349.7923948104793,0.1553468370322563,193.0189185508486,1236.0790259745952,6.8932191529508255,10.900455929219799,0.0002556026915028817,4.336465299052611,-0.16205971051469287,0.9125972805991112,92432,755.8154210662974,868.5407854984894,72023,858.5585993363231,862.4740368509213,223630,853.5508339668202,852.9927080354589,14,14,1329.096618219066,18.714285714285715,6.572981183044195,47310,0.9577346683573325,11.467633234152425,8.023217547798094,8.98332034184925,14.32179047694227,20181012_R01-Scene-03-P14-A01_seg_0_cid_5
465430,0.7312806746429596,0.6791867006220671,0.06272161184032446,0.6816170651718528,-0.7243163768840025,-0.1037495187658317,0.025035002701183914,-0.11862213906240991,0.9926238143244449,124.86328411938888,108.52135701633395,69.37619669226504,256.4504709360769,542.4577497304945,755.7929056147505,0.9406734751176571,0.8811930636393556,0,66,49.73658337451389,53.8948928947425,32.44188814644522,1066.2430677008358,1110.0,496261511,1093,2731,278.1072327430524,6.738366730268193,0.0007456016672026574,114.89618438916683,0.8576146856312488,410.63666253054913,0.16208761486755552,163.38003517892338,1527.6504657330318,7.217814941954864,11.17969375536462,0.00026933948304120204,4.230602021729751,-0.20911734714172553,0.9574228593196733,96568,944.1500289951123,1108.012077294686,72311,1155.7894787791622,1143.3704710144928,182084,1186.0491531381122,1191.4124820659972,8,8,1938.4285970853857,18.625,8.688174434252572,43538,0.9987518949845705,7.293481192176718,4.77538974932901,7.794736763138598,7.239190424732738,20181012_R01-Scene-03-P14-A01_seg_0_cid_6
583095,0.3556846068961912,-0.9345936133374857,0.0048206146790913664,-0.9343172318962155,-0.3554417444384213,0.026692255288105808,0.02323296362703572,0.013998007692329612,0.9996320749064379,162.01031151623818,111.87556491562219,53.54544213328974,183.08418201286204,619.2406032165786,1467.1169228811818,0.9921829484439928,0.9552934820392703,0,52,60.73822104459822,77.70075373652664,24.196388238623207,818.1337329251666,852.0,477049689,848,1699,183.6161627432982,6.219884627694597,0.0006079532284203665,186.69535926003243,0.7900725684777918,459.5649713942014,0.13437499955706425,202.46246788052258,1651.5645263167703,7.2248591287704205,11.44604688476552,0.00021913878858961154,4.5066430388080745,-0.17060881534419822,0.9305300611861074,105261,743.6763473651209,876.1737637362637,83838,875.7025692406785,894.2431633407243,267109,877.6519173820425,880.2924276169265,9,9,1221.0987793658185,58.44444444444444,28.083649300343634,52828,0.9505755640040596,13.993856716750217,9.542184400853511,11.34140056624583,17.20870747742244,20181012_R01-Scene-03-P14-A01_seg_0_cid_7
