"cell_id";"czi";"series_id";"cell_seg_id";"condition";"cell_type";"structure";"scope";"minipipeline";"dna_volume";"dna_shape_1st_axis_x";"dna_shape_1st_axis_y";"dna_shape_1st_axis_z";"dna_shape_2nd_axis_x";"dna_shape_2nd_axis_y";"dna_shape_2nd_axis_z";"dna_shape_3rd_axis_x";"dna_shape_3rd_axis_y";"dna_shape_3rd_axis_z";"dna_shape_1st_axis_length";"dna_shape_2nd_axis_length";"dna_shape_3rd_axis_length";"dna_shape_1st_eigenvalue";"dna_shape_2nd_eigenvalue";"dna_shape_3rd_eigenvalue";"dna_shape_meridional_eccentricity";"dna_shape_equator_eccentricity";"dna_position_lowest_z";"dna_position_highest_z";"dna_position_x_centroid";"dna_position_y_centroid";"dna_position_z_centroid";"dna_intensity_mean";"dna_intensity_median";"dna_intensity_sum";"dna_intensity_mode";"dna_intensity_max";"dna_intensity_std";"dna_intensity_entropy";"dna_texture_haralick_ang2nd_moment";"dna_texture_haralick_contrast";"dna_texture_haralick_corr";"dna_texture_haralick_variance";"dna_texture_haralick_inv_diff_moment";"dna_texture_haralick_sum_mean";"dna_texture_haralick_sum_var";"dna_texture_haralick_sum_entropy";"dna_texture_haralick_entropy";"dna_texture_haralick_diff_var";"dna_texture_haralick_diff_entropy";"dna_texture_haralick_info_corr1";"dna_texture_haralick_info_corr2";"dna_io_intensity_outer_volume";"dna_io_intensity_outer_mean";"dna_io_intensity_outer_slice_mean";"dna_io_intensity_mid_volume";"dna_io_intensity_mid_mean";"dna_io_intensity_mid_slice_mean";"dna_io_intensity_inner_volume";"dna_io_intensity_inner_mean";"dna_io_intensity_inner_slice_mean";"dna_bright_spots_number";"dna_bright_spots_number_used";"dna_bright_spots_intensity_mean";"dna_bright_spots_xy_cross_sec_area_mean";"dna_bright_spots_xy_cross_sec_area_std";"dna_surface_area";"dna_roundness_sphericity";"dna_roundness_roughness";"dna_roundness_roughness_xy";"dna_roundness_roughness_xz";"dna_roundness_roughness_yz";"group";"dna_io_intensity_ratio";"dna_io_intensity_ratio_slice";"dna_bright_spots_intensity_mean_norm";"dna_bright_spots_xy_rad";"date";"outlier"
"20181023_J01_010_Out_seg_0_cid_1";"20181023_J01_010_Out.czi";0;1;"TSA-50nm";"hiPS";"CBX1";880;"no";4296404;0.927240009491895;0.372800951837418;0.0352904393084911;0.360849339799064;-0.86435830653717;-0.350246301746037;0.100068570310818;-0.337496915881184;0.935992581704918;348.567606334997;185.880145867948;128.038007614636;761.329703679824;1607.54256803118;7481.03990306902;0.994808169947381;0.880740874176832;0;122;157.634887687471;117.227600104646;59.1625861999942;11287.499836142;11821;48495659446;11981;14748;2040.51318485827;7.95612286560624;0.00286992564235434;220.394423989041;0.843140700685534;739.7502467809;0.335900102743614;377.279438205802;2738.60656313457;6.71350518479974;9.34957834505039;0.000637340821378682;3.11692635927494;-0.360102165981306;0.9891698690603;487435;9281.33466616062;11384.2889413351;412402;11730.1077807576;12014.0922761449;2796985;11946.9488981886;12008.0391649832;1;1;13150.5741239892;371;0;213090;0.898051413446296;33.4883613429666;33.7200021801029;35.7149213256235;11.6910303257149;"CBX1 TSA-50nm";0.791240356835081;0.947577950931815;1.16505641770923;10.8670588373389;"D20181023";"no"
"20181023_J01_010_Out_seg_0_cid_2";"20181023_J01_010_Out.czi";0;2;"TSA-50nm";"hiPS";"CBX1";880;"no";7382204;0.289192014777042;-0.956540428285156;0.0373950216639213;-0.951144299757826;-0.291534406667378;-0.101647482837968;-0.108131862221044;0.00617242133603226;0.994117398292304;330.789439894364;270.269998007274;154.8665549529;1238.6828228;3749.62392839188;5606.45464480819;0.975287695560112;0.943859012984501;0;144;136.197591667746;158.68014457471;69.3309439836667;11303.5451462734;11744;83445076193;11822;15681;1899.24120122577;7.85411572530559;0.00315959686710693;137.768601361554;0.842627140141526;465.600376744115;0.3436464841809;336.892748864317;1724.63290561491;6.55726898730228;9.14893432426261;0.000665642270381172;2.99726664265833;-0.351705225717183;0.9867531967875;685224;9055.03776137438;10827.2092050209;592695;11643.6068939336;11995.0815625;5259455;11851.9980773673;11883.980213951;11;11;12995.7137380218;380.909090909091;124.494946626508;285596;0.961961382078533;23.0802766118912;11.7582483032178;21.4738558508161;29.9753729225704;"CBX1 TSA-50nm";0.777683225126064;0.902637397553829;1.14970246677931;11.0112274235729;"D20181023";"no"
"20181023_J01_010_Out_seg_0_cid_3";"20181023_J01_010_Out.czi";0;3;"TSA-50nm";"hiPS";"CBX1";880;"no";8319876;0.951385874079221;-0.307350155924336;0.0200199963986697;-0.304236272416362;-0.947900601950697;-0.0944708387159955;-0.0480125936470137;-0.0837874123886943;0.995326308492091;404.290609016347;278.128184981157;126.541304052151;876.911724863824;3955.81999689011;9942.51722236778;0.996102948781474;0.975120298907634;0;122;206.367655719869;152.837899266768;62.2105151567163;11149.4828353211;11632;92762314654;11715;15267;1979.81355267902;7.87024314120553;0.00303153943568565;157.803233278894;0.848188227499144;557.054983844336;0.337827731511899;342.556973672215;2070.41670209844;6.62640291720905;9.2489083911124;0.000647740440377311;3.05540401062494;-0.353755693267063;0.987661465059669;834312;8815.38597311318;10887.437958049;732557;11519.8440367098;11865.5501976285;5724804;11760.0769086592;11801.7292521553;21;21;12768.1089716652;330.095238095238;83.4202811710533;332730;0.893909677133702;38.1591714141399;24.7369988095215;48.3427040211746;28.5359738187603;"CBX1 TSA-50nm";0.765234836949318;0.917567055611553;1.14517499692599;10.2504915817685;"D20181023";"no"
"20181023_J01_010_Out_seg_0_cid_4";"20181023_J01_010_Out.czi";0;4;"TSA-50nm";"hiPS";"CBX1";880;"no";4238008;0.998349120824264;0.0526329135261444;0.0229958553476249;0.0539772432950719;-0.996591399203058;-0.0623862183559431;-0.0196339032208091;-0.0635244791260835;0.997787126794125;328.890493272302;181.210875287046;114.323788933712;749.480084140084;1787.50284819506;6493.90359866312;0.993317606956468;0.907852866476132;0;108;162.955604614243;92.096417939749;50.2813293415208;11245.4367058769;11757;47658250723;11822;13889;2013.59629833493;7.89812266229224;0.00179780001037891;229.96116832775;0.826165385708801;713.066243804449;0.280017497447279;384.045219505951;2622.30380689003;6.9475901146384;9.92489575075419;0.000521743974060353;3.35807926000607;-0.328453293135221;0.986744787185222;457098;9147.72284717938;11392.5667896679;397512;11626.613251927;11977.9287671233;2819459;11878.650359874;11943.0652809272;8;8;12414.6890280248;521.375;7.85712256490886;198640;0.953283110912108;29.8131269378222;26.3899713966625;38.4808465585095;12.04152806536;"CBX1 TSA-50nm";0.786791703565373;0.951129950024241;1.10397571501486;12.8825004137036;"D20181023";"no"
"20181023_J01_010_Out_seg_0_cid_5";"20181023_J01_010_Out.czi";0;5;"TSA-50nm";"hiPS";"CBX1";880;"no";4440528;0.113614323411647;0.993310941731375;0.0206193732310642;0.993486819435555;-0.113767272336411;0.00639901187353007;-0.00870201836003095;-0.0197580561255705;0.99976691988413;303.705807758152;229.304347230012;105.624380344732;695.859682806385;2743.99149032282;4984.254555522;0.990206344705372;0.967310757077902;0;104;115.498610975992;151.621037858561;47.6872173759517;11002.5744706485;11511;48857240009;11546;14829;2015.2825604155;7.80355038597995;0.00286255853686976;178.690569094363;0.820810982695459;539.657156703407;0.327541635247737;345.877393721707;1979.93805771925;6.60906981401802;9.28961612821898;0.00062517303185405;3.10784383683871;-0.34024896828678;0.98531909924269;485559;8889.12420323792;10959.1764705882;419144;11487.3564741473;11863.080910683;2938697;11611.7021448622;11653.6635144869;3;3;12638.2215995018;451.666666666667;90.2933490844641;203980;0.958319551030869;24.7176269657038;14.0980859432315;21.3255628222084;34.2252679586178;"CBX1 TSA-50nm";0.773818086279746;0.92380525371948;1.14866040063775;11.9904113882585;"D20181023";"no"
"20181023_J01_010_Out_seg_0_cid_6";"20181023_J01_010_Out.czi";0;6;"TSA-50nm";"hiPS";"CBX1";880;"no";5704860;0.994546607569731;-0.104125060230665;0.00591753356561294;-0.0940306421914502;-0.91978256768915;-0.380996412718306;-0.0451141186393272;-0.378362260283864;0.924557578678733;289.305256201744;236.176032960023;162.934253625875;1243.23998973788;2601.31099177114;4752.43302574882;0.965176177471183;0.878398881658197;0;152;142.938182181508;102.4583330704;77.1334525299481;11430.696886339;11862;65210525439;12009;15088;1842.70478135124;7.85859306176211;0.00262035557490426;155.402595710893;0.834252255192575;496.034360846212;0.317642530412743;355.234151678033;1828.73484767395;6.66623171291496;9.42460209164302;0.000606816443147402;3.13168648630041;-0.335509904046579;0.985320947824131;547251;9490.98286526658;11302.0710441335;473638;11764.7961586697;12000.8446142649;4006488;11948.8082090849;11974.0349073859;8;8;13086.986457774;307.125;129.970609658492;233712;0.989580630069903;19.41269638182;15.4741132285224;25.1758340176175;14.3541984692972;"CBX1 TSA-50nm";0.806727353135863;0.941772967437572;1.14489838965237;9.88741239122738;"D20181023";"no"
"20181023_J01_010_Out_seg_0_cid_7";"20181023_J01_010_Out.czi";0;7;"TSA-50nm";"hiPS";"CBX1";880;"no";4579804;0.510189686324701;0.857778715189914;0.0626271485463275;0.854575776276882;-0.513801054319962;0.0755560664702732;-0.0969882805738307;-0.0149717182325886;0.995172910144009;281.572675533779;242.015344700052;123.386238442279;787.838986590221;2951.09947980702;4364.08657754777;0.98356988074317;0.963706346068122;0;117;123.372757000081;132.326069412577;55.1294072846786;10988.3820491008;11505;50324636062;11562;13751;2027.39502401337;7.83625721605678;0.0025132024623475;229.748457729399;0.828623368870702;717.770658100732;0.316355717793315;389.601296542279;2641.33417467353;6.73806074415451;9.49201173421655;0.000597657424954117;3.18942091369221;-0.341597050955176;0.98674330912639;512062;8868.88857794564;11061.4154345474;440888;11466.7669158607;11792.4005139501;2996498;11634.6427266095;11674.1008557027;5;5;12290.1489644765;479.2;27.5564874394397;211574;0.944381207432784;22.0975318895146;8.46375247274127;25.05965140672;27.4588962412514;"CBX1 TSA-50nm";0.773442823336566;0.93801219026288;1.1184675696166;12.3504695238389;"D20181023";"no"
"20181023_J01_010_Out_seg_0_cid_8";"20181023_J01_010_Out.czi";0;8;"TSA-50nm";"hiPS";"CBX1";880;"no";5826768;0.564388002734441;0.822905083309692;0.0655240889482389;0.821212986601644;-0.567766848681968;0.0570090885259119;-0.0841154742377237;-0.0216339871686845;0.996221138900871;296.490602462642;256.318517029029;133.132842392383;969.583163383441;3421.87520392142;4915.86206022476;0.980356111430935;0.959017014782135;0;126;140.024922221032;143.55657887872;56.8187441133747;11600.6293325906;12074;67594175775;12209;16418;1997.8711577932;8.07927956885106;0.00237259773383082;137.097549388861;0.855821639634874;503.348713523032;0.323038772692692;327.112046189079;1876.29730470327;6.82105865040185;9.54911674885996;0.000615030179533775;3.11938314608581;-0.357358007417686;0.989762150475351;544513;9298.91148237049;11077.4195896757;469724;11986.625437491;12505.2591950035;4139350;12165.714148115;12253.348296832;10;10;13592.5868350595;347.4;84.0561716948851;242480;0.966248871319063;22.6815935031553;8.49934546717795;25.4094773521429;28.8098483530668;"CBX1 TSA-50nm";0.775773926603728;0.885820870798243;1.17171115853799;10.5157431720373;"D20181023";"no"
"20181023_J01_010_Out_seg_0_cid_9";"20181023_J01_010_Out.czi";0;9;"TSA-50nm";"hiPS";"CBX1";880;"no";5400592;0.539695051538941;0.84161273904281;0.0204266694602517;0.810930618584559;-0.526230118125447;0.25587769465067;-0.226099056137889;0.121531313901135;0.966493329803688;306.47582143997;261.56543510776;125.551695440157;784.480541232191;3376.596794052;5192.9233853232;0.988523491179167;0.972637315733888;0;126;140.08106074297;150.126719441128;58.9403280232982;11201.9928591162;11704;60497393019;11816;15716;1993.83172218819;7.93022320277863;0.00333019212853658;166.260721574778;0.852529586862366;597.71377624025;0.354822887569098;340.012742877444;2224.59438338623;6.61470683913332;9.15026907743251;0.000683304040793311;3.00084819110682;-0.367023723509805;0.989275992998317;542149;8997.21177941857;11154.5392602206;464162;11585.6080657184;11868.4454725711;3726713;11798.8447513935;11867.872872272;10;10;13570.8752334993;268.1;71.7975626327245;241196;0.923549125502793;25.2549583490015;14.6693480207732;26.5697562706665;30.2029631024364;"CBX1 TSA-50nm";0.776585201949057;0.939848380817832;1.21146972723298;9.2379045505934;"D20181023";"no"
"20181023_J01_010_Out_seg_0_cid_10";"20181023_J01_010_Out.czi";0;10;"TSA-50nm";"hiPS";"CBX1";880;"no";5042940;0.820286629518911;-0.563447442244094;0.0982691470457211;-0.55623988632605;-0.82588448844022;-0.0922605040839213;-0.133142909283548;-0.0210188387506455;0.990873944619136;320.326703312904;227.088138215883;135.894019407354;902.277041708138;2536.11284117675;5408.66450710209;0.98598725334708;0.934572916046892;0;126;155.635315510397;127.777978322169;56.5290342538281;11144.3798331925;11597;56200438836;11654;16076;1904.3016362003;7.8110707512407;0.00391509707527561;148.530910347639;0.831706187710133;467.560754690002;0.36339875228354;324.302459615803;1721.71210841236;6.41857295742374;8.90411595328477;0.000707709212666805;2.93794772934515;-0.353285430900157;0.985611906127785;491552;9116.17581049411;10752.5844109195;428065;11509.1884433439;11818.4423420207;3513592;11684.3355127744;11756.2426951793;7;7;13361.1546164764;302.428571428571;132.403989088436;223276;0.952487124237243;25.0572503966195;17.6324881073929;27.420724874971;21.4163719310753;"CBX1 TSA-50nm";0.792078073564455;0.909814009303791;1.19891414474957;9.81152404828908;"D20181023";"no"
"20181023_J01_011_Out_seg_0_cid_1";"20181023_J01_011_Out.czi";0;1;"TSA-50nm";"hiPS";"CBX1";880;"no";8136092;0.426118804016192;-0.904654215481816;0.00484925507584556;-0.904359301200699;-0.425827810938601;0.0283712841271422;0.0236012541106213;0.0164750065923971;0.999585691655391;368.128110107377;325.748253228752;114.492151880852;795.396519127268;5331.48564989591;7683.95196980961;0.994627997844513;0.988808769089296;0;113;173.670484306225;182.706085181928;56.5261744827861;11806.1073734171;12354;96055575752;12530;21268;2270.40467118341;8.26072505193598;0.00325932334532052;75.1297575912077;0.879917809440788;333.240414231225;0.36605484323402;237.104564834095;1257.8318993337;6.61822123334593;9.09046250604641;0.000712217399859425;2.89847875604029;-0.380564425525937;0.991029630154962;874925;9021.01050490042;11527.0317237507;771853;12198.6119274007;12772.1872810563;5413641;12595.0426380323;12680.127828534;9;9;15559.3147132449;183.111111111111;52.8571333237991;323510;0.906590528440327;34.0146585550264;11.3898645921003;38.2753863510338;42.3370777711706;"CBX1 TSA-50nm";0.739511229522542;0.902510389966452;1.31790387984092;7.63453187410762;"D20181023";"no"
"20181023_J01_011_Out_seg_0_cid_2";"20181023_J01_011_Out.czi";0;2;"TSA-50nm";"hiPS";"CBX1";880;"no";4471908;0.244989227294259;0.967382697135533;0.0644282220191071;0.968682160028951;-0.241463341594339;-0.0578820136807645;0.0404370047284181;-0.0765909390781797;0.996242278112968;286.622359363253;236.795832230197;119.917652066193;729.687562861779;2858.64726683978;4580.57918527284;0.987230175629316;0.966873440605187;0;113;120.998695411444;144.478699025114;51.4400475143943;11310.2196992872;11880;50578261955;11999;15575;2165.64426742484;7.98345078310787;0.00256655819505905;179.805345176436;0.840541710333892;603.390415324201;0.31817222061622;342.602460097622;2233.75631612037;6.72897976247645;9.47657848851286;0.000600722113753979;3.17765878498499;-0.343063280957311;0.987013161139861;510550;8964.21532660856;11159.9161991585;437045;11801.7067418687;12200.9173351936;2898960;12035.3430916605;12087.8583875491;4;4;13347.2273129978;308.75;115.718138163384;207542;0.947355124949238;23.010507059606;9.634065404549;21.6308092744105;30.0822292659584;"CBX1 TSA-50nm";0.75956940150075;0.914678453477238;1.18010327543319;9.91353505865821;"D20181023";"no"
"20181023_J01_011_Out_seg_0_cid_3";"20181023_J01_011_Out.czi";0;3;"TSA-50nm";"hiPS";"CBX1";880;"no";3887908;0.468212526977738;-0.881653501511405;0.0588568845064112;-0.881314472031469;-0.47076023761364;-0.0408607399571039;-0.0637324953929644;0.032739913784689;0.997429830652942;295.666359752603;221.733444921617;110.12751601052;640.111860492061;2450.2074230723;4858.6316352025;0.991283327205549;0.965271706423311;0;104;130.9601096528;142.574304227363;43.9484915795333;11529.9298813141;12062;44827306625;12109;16876;2193.19222813571;8.19313879200397;0.00233271205463324;168.803185624531;0.866955502848771;671.962968367817;0.328740011310536;322.443999790898;2519.04868784674;6.90358946032076;9.58226887936279;0.000617811016401979;3.15364478415567;-0.372041377830851;0.991795118069747;419509;9196.88762815577;10835.7042304887;357436;12042.4985675757;12550.3055868016;2594707;12205.6212319927;12350.784308848;6;6;14020.6456998551;259.833333333333;115.671109424763;194158;0.920190363467133;25.2201583671294;15.4974812383739;24.0708943746092;30.7800274290482;"CBX1 TSA-50nm";0.763702613419301;0.863381704576493;1.21602176632293;9.0943674194574;"D20181023";"no"
"20181023_J01_011_Out_seg_0_cid_4";"20181023_J01_011_Out.czi";0;4;"TSA-50nm";"hiPS";"CBX1";880;"no";3924552;0.202316192234208;-0.978556542251199;0.0386684881683871;-0.974515950000102;-0.197260366499474;0.106803609507787;0.096885610671811;0.0592911580749683;0.99352792462964;313.372037935422;214.247290690719;109.319459690947;623.368480002719;2213.51168589009;5459.4277332738;0.993459846488977;0.959526106407921;0;104;99.5273600655565;151.12282777754;49.6080469821778;11366.5041890132;11964;44608436748;12113;15108;2260.14887562408;8.12273818421179;0.0020482206291525;222.49784277034;0.863978320421331;869.11453221745;0.30523273111811;364.179869300278;3253.96028609947;6.98014081790039;9.7897643664868;0.000566632481158379;3.28021275349551;-0.35906419941519;0.990876635246818;483913;9051.85947474029;11579.1446476965;408945;11895.1621831787;12290.4641983933;2440437;12172.2001948831;12240.4765377219;7;7;13201.8318974922;323;68.8995127496767;196862;0.9157590510434;27.1916835409747;20.3844087241085;20.5856552561925;36.2093290739604;"CBX1 TSA-50nm";0.76096982414757;0.942124272996149;1.16146808886526;10.1397284597451;"D20181023";"no"
"20181023_J01_011_Out_seg_0_cid_5";"20181023_J01_011_Out.czi";0;5;"TSA-50nm";"hiPS";"CBX1";880;"no";4897912;0.151960175203796;-0.988274637163454;-0.0148777246739747;-0.988067343892856;-0.151511310422055;-0.0276992192436684;-0.025120292286295;-0.0189093721110596;0.999505581055862;317.409356242169;228.520668360503;113.352819479239;785.468611607468;2606.24569105135;5676.6853843908;0.990380958226617;0.953504322057011;0;113;102.684733412932;154.296089435662;57.2495928877448;11266.5570353244;11773;55182604902;11955;17334;2099.77202671045;8.04100999110159;0.00302257756079924;123.667870683805;0.852079140187849;447.051732801495;0.347562386209547;289.259777008298;1664.53906052218;6.66221943720625;9.24050095843209;0.000667475253901569;3.01715207157511;-0.36518920622061;0.989451906667834;560447;9064.04688043651;10911.0241278122;482903;11755.9026201949;12200.0244474213;3167190;11948.9266889577;12017.4682867288;10;10;13390.0939143253;362;98.3890237780617;218042;0.95865006841438;26.282064225947;18.3871295633735;19.4597207155281;34.8086911354892;"CBX1 TSA-50nm";0.771020922278293;0.894344447819401;1.18848143868112;10.7344389140063;"D20181023";"no"
"20181023_J01_011_Out_seg_0_cid_6";"20181023_J01_011_Out.czi";0;6;"TSA-50nm";"hiPS";"CBX1";880;"no";5328380;0.41787479206433;-0.906873218159599;0.0544208079877975;-0.896387158710791;-0.401810036983531;0.18718642012093;0.147887524340591;0.127002599832227;0.980815792990848;353.228851721865;222.113313627489;125.276051642075;773.954675870396;2447.75523291799;7485.37727250646;0.994640317355041;0.948696029023566;0;117;125.65547164429;165.917631625372;52.8259516025509;11172.6725053393;11699;59532244724;11817;18027;2185.35147413467;8.05054566202272;0.00399336397464965;133.573055820394;0.872684955288871;555.808202918662;0.383179057816;289.71890327778;2089.65975585426;6.54935254130842;8.90860533354143;0.000742585944415276;2.88233589001079;-0.389759180217544;0.991306633721359;619432;8833.41142369138;9854.87683109118;529473;11693.1478998929;12081.5298602287;3418859;11906.6751389864;11920.2124866823;10;10;14143.5892910548;292.6;98.329242852775;247132;0.894975561626938;32.4058775211154;28.2410332439064;21.6204599800411;37.8629066764034;"CBX1 TSA-50nm";0.755434849479008;0.815697758901588;1.26590923382885;9.65077575624764;"D20181023";"no"
"20181023_J01_011_Out_seg_0_cid_7";"20181023_J01_011_Out.czi";0;7;"TSA-50nm";"hiPS";"CBX1";880;"no";5307840;0.597743698047194;-0.799057648365586;-0.0648794731276819;-0.796137740517982;-0.601164670106551;0.0690343214539236;0.0941656496169758;-0.0103881665438228;0.995502343758201;335.285753300986;242.858073483243;114.297735120328;688.46029398656;3110.76326227366;6429.19182142409;0.994250032088021;0.975202248596014;0;113;147.01791764635;158.351104780852;55.4243549165009;11389.4717372792;11935;60453493666;12076;17442;2214.899972668;8.18997323967431;0.0028742591956062;145.6953310376;0.871040087890695;597.810234702783;0.350140747807223;307.337564848256;2245.54560777352;6.8023034379382;9.36315973747446;0.000667468458766887;3.04307611658806;-0.382715812655461;0.992255127433332;609412;8984.23359894456;11485.0550887021;524989;11885.7372992577;12312.9022801303;3425162;12139.3511760904;12178.961757245;9;9;13901.5991524414;304;100.265203890039;245896;0.896637368952358;29.847070430602;18.1403447301416;29.2588326746916;35.0096895093709;"CBX1 TSA-50nm";0.755883574804034;0.932765876590764;1.22056575345279;9.83698151873187;"D20181023";"no"
"20181023_J01_011_Out_seg_0_cid_8";"20181023_J01_011_Out.czi";0;8;"TSA-50nm";"hiPS";"CBX1";880;"no";5323804;0.968152105000839;-0.247360346293626;-0.0386569613904259;-0.237080713859892;-0.955419183349278;0.175974200392791;0.0804626416303102;0.161204972534024;0.98363546099771;367.962447802044;232.868242057354;119.020875710777;693.152761003545;2548.59186182016;8068.3808350937;0.996302921309541;0.962304374071077;0;117;179.306946311322;114.490928291124;55.2572994798456;11254.4087214706;11812;59916266169;12003;18799;2204.64376710622;8.13313458382166;0.00367704273617866;123.546216348173;0.866130142035252;489.043768877967;0.377685999820881;276.348098025181;1832.62885916371;6.58533723689066;8.98734862855838;0.000729904660401621;2.91303748834941;-0.386784232895988;0.991344991694322;632720;8938.48177866987;11002.1792427132;538334;11805.295437405;12200.0925072046;3380033;12002.1223633024;12012.4877912877;11;11;13850.2907068076;262.545454545455;100.137508762486;251536;0.87847288404354;35.0445095597061;29.0356686799702;42.0591159873691;20.7936740405394;"CBX1 TSA-50nm";0.757158668841808;0.901811132679196;1.23065467494394;9.14170737632939;"D20181023";"no"
"20181023_J01_011_Out_seg_0_cid_9";"20181023_J01_011_Out.czi";0;9;"TSA-50nm";"hiPS";"CBX1";880;"no";3423124;0.834789102502842;-0.550004789806183;-0.0249376328619394;-0.549936851712473;-0.830802240786346;-0.0856568493055834;-0.0263934361361709;-0.0852195276602856;0.996012559476176;330.250256729869;155.204202149729;107.702907407488;661.009192234707;1311.5458788406;6673.42953147407;0.995082368186024;0.863708071207695;0;104;148.588473569757;121.933520959217;52.1995790979234;11526.997661785;12086;39458342344;12244;16684;2270.55363512819;8.23717476212381;0.00239509171771753;195.396344325044;0.870898624048278;792.778613768731;0.331232491665484;336.171080573245;2975.71811074987;6.93159908595664;9.59650436993109;0.000618802153055798;3.16851935691907;-0.377507055732887;0.992518581236686;433758;9382.62941317509;11422.9212454212;365430;12072.1811126618;12502.3879343261;2090883;12322.3159387685;12370.243417061;10;10;13818.5607529876;301.7;97.3324714573713;183910;0.894977030420453;31.8949353741259;31.0184020671902;25.8884329513406;14.3511970692925;"CBX1 TSA-50nm";0.77721078946821;0.913659158988253;1.19879964917489;9.79969860055143;"D20181023";"no"
"20181023_J01_012_Out_seg_0_cid_1";"20181023_J01_012_Out.czi";0;1;"TSA-50nm";"hiPS";"CBX1";880;"no";5832756;0.280415888990757;-0.959728065767562;0.016999087610187;-0.958411730254521;-0.280922144378803;-0.0502961639506416;-0.0530460602878143;0.00218828144218362;0.998589668939285;305.239662885432;261.715253707211;133.670389531659;975.494850159899;3485.75711530688;4802.66349021028;0.979154808925379;0.960043258826729;0;130;130.045517076319;151.593136760735;58.29190043266;11296.9946886172;11784;65892613552;11891;15864;2000.50408503819;7.90351416071828;0.00309469503903342;151.079344145615;0.837658872953761;495.130788948078;0.339631347817021;334.143636812493;1829.44381164671;6.58100195497661;9.19671984540345;0.000654145260103293;3.03851991671772;-0.349332527598628;0.986613463010985;579680;9006.15264628761;11370.1979843953;499883;11663.996333142;11981.454359673;4038290;11911.8948334567;11975.2742330921;9;9;12905.1755938641;320.222222222222;122.457954487587;246938;0.950372513277042;22.466499863999;7.93911026075031;23.9554427296157;30.0695509248267;"CBX1 TSA-50nm";0.772132671261017;0.948983123673612;1.14235475447884;10.0960338306226;"D20181023";"no"
"20181023_J01_012_Out_seg_0_cid_2";"20181023_J01_012_Out.czi";0;2;"TSA-50nm";"hiPS";"CBX1";880;"no";6103644;0.536746735508487;-0.843633450049272;0.0136214492233583;-0.84373714076899;-0.536610562720658;0.0125196351220208;0.0032525694385313;0.0182127959023484;0.999828842781337;303.34839667685;271.576574290003;120.113214863834;911.877076141505;3875.65048640861;5037.36045411787;0.983478900213254;0.971926755562667;0;117;133.906395261585;148.759943076628;58.0529106874516;11566.9424116151;12053;70600498649;12188;17529;2020.70485521075;8.07460587269191;0.00255798886899525;111.225822361159;0.856548462318081;413.425336523743;0.33392677910756;291.317444867816;1542.47552373381;6.73651972648842;9.38396313904137;0.000643457470190253;3.03454100130211;-0.362270539226993;0.989788389669221;593850;9210.73847941399;11701.3019044646;524974;11933.8529412885;12405.5413385827;4248004;12169.7914888969;12185.7357085881;4;4;14412.4934239218;305.5;163.964172915915;248204;0.974045445379407;23.997577030454;7.87815142267879;28.3118449928524;30.979840232429;"CBX1 TSA-50nm";0.771815986398395;0.943231865913997;1.24600719110085;9.86122052431382;"D20181023";"no"
"20181023_J01_012_Out_seg_0_cid_3";"20181023_J01_012_Out.czi";0;3;"TSA-50nm";"hiPS";"CBX1";880;"no";6918788;0.950813872124466;-0.30601263743087;0.0480546179704093;-0.306698696614411;-0.951777597032745;0.007437424392553;-0.0434613629641449;0.0218098949831441;0.99881701948361;339.352626365308;268.078671862481;132.226509973797;1000.83744994249;3681.18488843286;6226.00522369483;0.986994969763623;0.962331399853972;0;126;161.622315642566;131.192795327737;61.3663468225938;11340.4512907463;11752;78462178305;11802;16939;1901.31254419809;7.93774892299188;0.00335213642040097;116.777620501414;0.846739348279051;404.916360757041;0.351942095597087;302.697550403662;1502.88782252674;6.56196840521579;9.12100421081107;0.000680212481200901;2.98196932811719;-0.357513912998529;0.98771113228617;632022;9133.98917442747;11040.0428392745;553093;11669.7861101117;12024.9369931379;4951077;11871.6225170806;11878.1190402636;22;22;13426.2839636218;258.954545454545;97.4210530134423;275668;0.953157335396683;26.8341492050243;14.4093843600054;35.7857131847267;26.19646890512;"CBX1 TSA-50nm";0.782704077713388;0.918095691110452;1.18392854211874;9.07897526653816;"D20181023";"no"
"20181023_J01_012_Out_seg_0_cid_4";"20181023_J01_012_Out.czi";0;4;"TSA-50nm";"hiPS";"CBX1";880;"no";4274780;0.538010301164341;0.841930225954395;0.0412117758102771;0.835363332513988;-0.539077597289311;0.107533468240861;-0.112752022297517;0.023427307253819;0.99334693976609;358.961520164048;194.692966543787;114.801280185845;720.435024834113;1768.33362649652;7665.66402943855;0.995573889401289;0.913245810909634;0;113;141.740308974965;145.339231024754;50.9168340826896;11269.2188379285;11813;48173431304;11963;15926;2134.33915537642;7.99270290393693;0.00324592418393288;195.704023108803;0.859930378150643;736.097573370046;0.352448298433355;345.464727887333;2748.68627037137;6.63898288764525;9.17469224262881;0.000672814762936703;3.04148884803686;-0.36843354281659;0.98947494535628;511588;9186.10125335231;11720.6056426332;436703;11785.400702537;12267.5497228562;2697593;11965.6013245883;12010.744292005;3;3;13919.62233316;185.666666666667;12.9185482500507;212642;0.897143613791473;34.8558363319083;35.2251332445195;17.0140370276174;31.0670910381862;"CBX1 TSA-50nm";0.779447511816452;0.955415376943291;1.23518963766247;7.68762222893337;"D20181023";"no"
"20181023_J01_012_Out_seg_0_cid_5";"20181023_J01_012_Out.czi";0;5;"TSA-50nm";"hiPS";"CBX1";880;"no";6069128;0.974515649047526;-0.198327757154524;-0.104811022815043;-0.180564759720195;-0.970776270972034;0.158081622160265;-0.133100027455547;-0.13512783747137;-0.9818476716027;341.837798744994;265.474643580398;129.524759283547;837.038634626664;3392.19777605192;6384.20333368563;0.991367707927595;0.96907813151979;0;126;164.731821111698;131.700267320116;63.9284193709541;11316.5169820113;11845;68681390078;11988;16142;2114.17989241353;8.01122443359429;0.00292627210147463;163.50155512586;0.863910585812454;637.844360473795;0.343839340908756;331.680883955776;2387.87588676933;6.70165477741255;9.28372639988261;0.00065787387222977;3.04237283094396;-0.367867993456076;0.990090318954542;652424;8933.74224584013;11490.0171726464;562770;11763.2230467154;12076.4486607143;4051643;12000.8955971689;12054.550370685;8;8;13559.1656257816;290.75;118.193432558666;264880;0.910220754514265;28.8383520583658;15.4020467426019;39.0451137166163;26.3082853587134;"CBX1 TSA-50nm";0.759463814497226;0.951440071121606;1.19817481362289;9.62021826196979;"D20181023";"no"
"20181023_J01_012_Out_seg_0_cid_6";"20181023_J01_012_Out.czi";0;6;"TSA-50nm";"hiPS";"CBX1";880;"no";6270136;0.492633954578379;-0.869822654653974;0.0268390805949234;-0.868126360474621;-0.49335207611064;-0.0544091099578871;-0.0605673925933355;-0.00350406164828791;0.998157959696966;339.796260141985;233.232080688758;129.126457329217;962.159192083382;2967.99774322119;6960.77494729502;0.990400731069705;0.945996145550381;0;122;145.071514238288;167.383073668578;58.7628210935138;11391.118713374;11821;71423863525;11907;16969;1910.02146989356;7.92216791814919;0.00358377709705033;129.451845643926;0.850772430538132;458.537287105054;0.358966337321666;311.828405390374;1704.69730277629;6.50439699183898;9.00605619464305;0.000696198543412344;2.95404624789438;-0.360736423429182;0.987549355357523;582739;9226.63801804925;11389.5421186981;514511;11726.3738015319;12147.635466412;4446779;11927.2893863176;12028.1128727245;12;12;13328.1210983282;303.833333333333;99.0966139123274;265626;0.925757804835213;29.578262040229;23.8374535114074;23.2802474840651;35.5037547666129;"CBX1 TSA-50nm";0.786827895324629;0.937593340711455;1.170044965178;9.83428460805233;"D20181023";"no"
"20181023_J01_012_Out_seg_0_cid_7";"20181023_J01_012_Out.czi";0;7;"TSA-50nm";"hiPS";"CBX1";880;"no";2065840;-0.661949229825005;0.741329771037152;-0.110695021153109;0.230858602139343;0.342145711788467;0.910846099910974;0.713111157500955;0.577378976477986;-0.39762544507222;233.599314332284;177.475128283701;140.961367421493;723.335735985995;1483.15562441728;2555.63039771465;0.95910924791988;0.87301101062961;0;152;90.0083452735933;100.059791658599;70.0866533710258;11175.1993668435;11784;23086173860;11805;14980;2203.36761435606;7.91944155147811;0.0037620253661472;323.062950745517;0.817306444289639;920.47082486596;0.353936077870516;374.808680964467;3358.82034871834;6.55479192358107;9.09851099336784;0.000671856445287322;3.11274779225653;-0.353478065358643;0.986422755062816;331011;9814.81605143031;8862.19626865672;262746;11762.2873231181;11820.1251060221;1068511;11988.4105011553;12018.4690314079;1;1;13631.9487179487;117;0;148256;0.792616095059955;18.8987069996562;18.7784869225672;18.675027680652;22.8872937271285;"CBX1 TSA-50nm";0.834430904620041;0.74975486208193;1.21983942035024;6.10264341769233;"D20181023";"no"
"20181023_J01_012_Out_seg_0_cid_8";"20181023_J01_012_Out.czi";0;8;"TSA-50nm";"hiPS";"CBX1";880;"no";4499392;0.852960960509535;-0.521974690835208;0.000148236770081902;-0.515461380172447;-0.842272741328432;0.157721890572628;0.0822019792788894;0.134607025606307;0.987483561007502;317.281357258065;190.868631367066;131.010333537361;935.687586649344;1826.23234311683;5846.85789975765;0.987111737612281;0.858771033886646;0;122;137.864655491231;117.931919690483;58.8919782939562;11552.0844589669;12012;51977356398;12169;16618;1963.96918823577;7.99676785478534;0.00309911748988186;155.255862644851;0.847429653388762;535.111140228362;0.343319508853094;329.56448574973;1985.1886982686;6.62924720655925;9.22933145594818;0.000657534004420282;3.05437709487489;-0.356976438612719;0.988153506821598;445797;9531.33229698719;11674.4691669672;385225;11887.6267687715;12289.9136480059;3114365;12121.4309909083;12229.6087711796;10;10;13881.956724182;255.3;110.679763281279;210780;0.934970923946299;26.5654458282692;25.0093397762003;27.686415259949;13.8193131114221;"CBX1 TSA-50nm";0.801785964716336;0.949922798591955;1.2016841439734;9.01468324139688;"D20181023";"no"
"20181023_J01_012_Out_seg_0_cid_9";"20181023_J01_012_Out.czi";0;9;"TSA-50nm";"hiPS";"CBX1";880;"no";2209380;0.657349863514366;-0.753505227988051;-0.011001287757339;-0.750840095261883;-0.656130233064172;0.0757117468183252;0.0642674745479445;0.0415088984897364;0.997069056315257;237.127051675234;199.810417747343;94.9641590123785;421.417087336981;2132.01006928434;3042.80612242707;0.990362964977731;0.980270262207482;0;95;122.44404946184;125.043432094072;49.7843268247201;10865.4160470358;11591;24005832906;11673;14075;2357.50267953276;7.92577533118243;0.00351320009969444;358.336901279271;0.848514312752457;1247.89524922919;0.346955703692758;390.083519559157;4633.24409563751;6.67759268631308;9.2360437992952;0.000645369044855004;3.190500240619;-0.365616722403439;0.98906906785707;354171;9090.57028102244;11206.3485760128;284269;11560.498714246;11694.5399388913;1142790;11803.3600626537;11863.5440994719;3;3;12432.7603949515;417;80.7754087991306;148580;0.827472827066339;21.6011894289053;10.8457282787943;25.3227155827273;28.2852646442412;"CBX1 TSA-50nm";0.786347588086328;0.958254761159526;1.144250743932;11.5210773167547;"D20181023";"no"
"20181026_J02_010_Out_seg_0_cid_1";"20181026_J02_010_Out.czi";0;1;"TSA-50nm";"hiPS";"CBX1";880;"no";5570152;0.608825898254238;-0.792433562551414;0.037149354731866;-0.790241349157392;-0.609921011272521;-0.059287183186675;-0.0696393257924364;-0.00673861635495468;0.997549475140354;355.899253421349;259.808188230809;112.47444002523;682.779522231206;3381.10758958318;6741.67145469252;0.994858216659188;0.979397976816466;0;104;160.563847449764;168.972690870913;48.3632504104017;11748.6802537884;12313;65441934813;12602;18195;2292.17270315156;8.32498392405333;0.00198786707174017;128.815400876954;0.86842969030999;518.379420492053;0.305585944837249;296.570522410668;1944.70228109126;6.96265220975864;9.79656532508807;0.000570181937524909;3.24294860085369;-0.354905851315316;0.990487028863127;605519;9118.10860435428;10332.8892045455;532421;12259.9587037326;12597.4902536716;3684776;12493.9745316947;12473.3871552646;18;18;14308.7341446777;255.388888888889;100.377143751226;250940;0.905911284012989;31.1710371381537;20.9869511550667;31.407677076449;33.8739408072666;"CBX1 TSA-50nm";0.743730776318052;0.820233951086719;1.21790140131389;9.01625244515852;"D20181026";"no"
"20181026_J02_010_Out_seg_0_cid_2";"20181026_J02_010_Out.czi";0;2;"TSA-50nm";"hiPS";"CBX1";880;"no";5075192;0.808052734759793;0.587233679574636;-0.0469827991977246;0.589096588028653;-0.806001613879586;0.0576767578536033;0.00399847723763975;0.0742832686190973;0.997229165329135;348.178654649875;257.761889882489;101.316253205261;551.382129551029;3322.67264744131;6719.57751795527;0.996627714455427;0.986134947867642;0;95;153.371981197953;144.900500316047;47.2062164347674;11433.4565395753;12012;58026987162;12155;17435;2251.94480505968;8.22524431193097;0.00219046620598895;144.037421318072;0.859033889384268;545.496357247771;0.310095982992111;299.832599013004;2037.94800767301;6.89072321206359;9.69548241572342;0.000577879174018539;3.23923354785302;-0.351312105947715;0.989557622070664;576633;8951.99235562307;11082.2369711833;503958;11965.5461724985;12521.3899721448;3285130;12176.747971922;12285.6449352682;18;18;13794.4070140905;230.055555555556;124.113510869071;238342;0.896221737331196;31.5783085601929;17.4999413084445;34.9001355321964;31.1214128542932;"CBX1 TSA-50nm";0.748147408113994;0.885064437401673;1.20649490085025;8.55739199200537;"D20181026";"no"
"20181026_J02_010_Out_seg_0_cid_3";"20181026_J02_010_Out.czi";0;3;"TSA-50nm";"hiPS";"CBX1";880;"no";4329140;0.930616037014907;0.365744062585719;-0.0136041292982104;0.36389333032431;-0.920648175249775;0.141380980173229;-0.0391846372466483;0.136521859394582;0.989861781316611;307.962470404835;265.457487165831;101.984018568888;499.10376978117;3673.33593971619;5067.79459613189;0.995138496041175;0.990726389936968;0;95;150.831084695806;126.268240343348;45.3263936948216;11800.4675635346;12373;51085876148;12576;19762;2360.46296926395;8.44122177324931;0.00217304435809465;116.775615731519;0.879354993092629;511.261193564957;0.321141119298548;265.929855460392;1928.26915852833;6.98784209977391;9.74237351768432;0.000598221209376601;3.20341389792357;-0.371249375201169;0.992444087111427;492930;9258.48831071349;11814.537148277;428455;12287.6119755867;12772.2157238734;2801530;12595.5303951769;12726.8761748657;13;13;15167.8778274878;285.307692307692;83.5329364938761;217040;0.884064013418774;28.7569007621668;10.594298071167;36.3442324461985;29.7882234222669;"CBX1 TSA-50nm";0.753481500645403;0.925018603169501;1.28536244397291;9.52975650611397;"D20181026";"no"
"20181026_J02_010_Out_seg_0_cid_4";"20181026_J02_010_Out.czi";0;4;"TSA-50nm";"hiPS";"CBX1";880;"no";4351404;0.989806008472957;-0.141104113590817;-0.0193311851313546;-0.140494369427659;-0.989629026587942;0.0299286132943987;0.0233537523742423;0.0269075985987405;0.99936509013858;292.171989679816;225.926708575046;114.185343776123;764.100480001341;2719.55095296628;4509.0087042122;0.985536918581601;0.959717816464477;0;113;140.612303982806;105.208569464017;52.6964786537862;11738.6007695447;12309;51079394343;12519;18465;2321.6706121255;8.33700736602043;0.00213821747569702;127.090096295309;0.871424557937387;521.11566694156;0.312336248211068;289.869469761064;1957.37257147093;6.94780399303056;9.76104339725643;0.000582001530634781;3.22246292256426;-0.357156391692728;0.990740899715127;520539;9326.32145333971;11203.9686468647;440869;12341.2245247454;12938.5629395218;2753460;12514.4530710452;12488.7151387952;13;13;14505.5135132312;277.769230769231;125.394855646016;203958;0.947497842370704;22.8670259675635;14.0733354142031;30.573722041387;20.222967683549;"CBX1 TSA-50nm";0.755704706177208;0.865936093462229;1.235710609638;9.40301506068734;"D20181026";"no"
"20181026_J02_010_Out_seg_0_cid_5";"20181026_J02_010_Out.czi";0;5;"TSA-50nm";"hiPS";"CBX1";880;"no";4364232;0.686539118756248;-0.713897673901259;-0.137891804019551;-0.724350812181294;-0.655082796501649;-0.21490097863872;-0.0630867601775012;-0.247419968729188;0.966852325727334;299.286034788096;221.015260172584;138.112477947051;889.955635030011;2390.9481680962;4503.83504797007;0.980282831865938;0.928145050273354;0;130;126.740804796812;121.436668811374;59.8500739649038;11976.7124495215;12501;52269151727;12685;19735;2273.03502795699;8.38705018536723;0.00246694958770437;123.15868050486;0.877591461137252;524.938880338213;0.329481060058592;283.837109710195;1976.596840848;6.88176762264476;9.60031570585607;0.00061776417271622;3.15680287039039;-0.365482451318111;0.991118229675302;483811;9698.5129523719;12238.4330312185;408501;12511.3246772958;13151.4339690536;2876729;12672.255711261;12791.8909441233;18;18;15239.2446898341;149.777777777778;51.4722746896657;210946;0.916716296368792;22.072830124498;17.4103239969392;19.2509390278816;22.4870161509213;"CBX1 TSA-50nm";0.775178744259729;0.930577841170518;1.27240632636571;6.90476266046166;"D20181026";"no"
