"cell_id";"czi";"series_id";"cell_seg_id";"condition";"cell_type";"structure";"scope";"minipipeline";"dna_volume";"dna_shape_1st_axis_x";"dna_shape_1st_axis_y";"dna_shape_1st_axis_z";"dna_shape_2nd_axis_x";"dna_shape_2nd_axis_y";"dna_shape_2nd_axis_z";"dna_shape_3rd_axis_x";"dna_shape_3rd_axis_y";"dna_shape_3rd_axis_z";"dna_shape_1st_axis_length";"dna_shape_2nd_axis_length";"dna_shape_3rd_axis_length";"dna_shape_1st_eigenvalue";"dna_shape_2nd_eigenvalue";"dna_shape_3rd_eigenvalue";"dna_shape_meridional_eccentricity";"dna_shape_equator_eccentricity";"dna_position_lowest_z";"dna_position_highest_z";"dna_position_x_centroid";"dna_position_y_centroid";"dna_position_z_centroid";"dna_intensity_mean";"dna_intensity_median";"dna_intensity_sum";"dna_intensity_mode";"dna_intensity_max";"dna_intensity_std";"dna_intensity_entropy";"dna_texture_haralick_ang2nd_moment";"dna_texture_haralick_contrast";"dna_texture_haralick_corr";"dna_texture_haralick_variance";"dna_texture_haralick_inv_diff_moment";"dna_texture_haralick_sum_mean";"dna_texture_haralick_sum_var";"dna_texture_haralick_sum_entropy";"dna_texture_haralick_entropy";"dna_texture_haralick_diff_var";"dna_texture_haralick_diff_entropy";"dna_texture_haralick_info_corr1";"dna_texture_haralick_info_corr2";"dna_io_intensity_outer_volume";"dna_io_intensity_outer_mean";"dna_io_intensity_outer_slice_mean";"dna_io_intensity_mid_volume";"dna_io_intensity_mid_mean";"dna_io_intensity_mid_slice_mean";"dna_io_intensity_inner_volume";"dna_io_intensity_inner_mean";"dna_io_intensity_inner_slice_mean";"dna_bright_spots_number";"dna_bright_spots_number_used";"dna_bright_spots_intensity_mean";"dna_bright_spots_xy_cross_sec_area_mean";"dna_bright_spots_xy_cross_sec_area_std";"dna_surface_area";"dna_roundness_sphericity";"dna_roundness_roughness";"dna_roundness_roughness_xy";"dna_roundness_roughness_xz";"dna_roundness_roughness_yz";"valid";"dna_io_intensity_ratio";"dna_io_intensity_ratio_slice";"dna_bright_spots_intensity_mean_norm";"dna_bright_spots_xy_rad";"date";"group";"outlier"
"20181005_R01_001-Scene-01-P14-A01_seg_0_cid_1";"20181005_R01_001.czi";0;1;"TSA";"hiPS";"H2B";"ZSD";"no";780984;0.961184710771028;0.275892006915235;-0.00274814488305775;0.275886970693025;-0.960955770907759;0.0212222939594505;-0.00321421558715291;0.0211567218481245;0.999771004749988;192.461315065545;131.170211390078;45.7539464767579;140.513164920116;964.833285834948;2267.66053108294;0.998078389217638;0.989338438855665;0;44;99.8192741464614;66.2752578798029;20.3343845712588;755.074020722576;779;589700729;783;1967;162.033306635317;6.0480440802073;0.00122994980632899;104.653909029456;0.792343431391692;258.136113420189;0.172317230274344;145.27874304302;927.890544651299;6.71781417197789;10.5446651992265;0.00029053406970116;4.12805220401162;-0.168711955719781;0.914079093623288;123881;675.987415342143;795.381477398015;104422;784.696845492329;793.173534532792;401687;810.562121751513;827.365092689752;17;17;1320.07639198556;18.4705882352941;8.1682141979377;67252;0.900996071076532;19.2889818186258;11.7495512268058;25.4545489950147;16.0433915594066;TRUE;0.861463148762908;1.00278368196756;1.74827415029099;2.42474139629861;"D20181005";"H2B TSA";"no"
"20181005_R01_001-Scene-01-P14-A01_seg_0_cid_3";"20181005_R01_001.czi";0;3;"TSA";"hiPS";"H2B";"ZSD";"no";813240;0.454411903463962;0.89079019621384;-0.0016273658367118;0.890790567003265;-0.454413467444106;-0.000752557921549232;0.00140986817125941;0.00110767085880818;0.999998392667212;170.976983033038;146.852448345154;44.0824036707247;144.809078278974;1272.42072662057;1777.63078646323;0.996676461193069;0.993502994768096;0;44;75.9485379469775;87.3270805666224;22.9869730952732;942.31355196498;984;766327073;998;1977;231.451237632058;6.54257598926711;0.000453557574989048;160.052796824521;0.854772473612973;561.769936068169;0.128058112979771;190.379383735644;2087.02694744816;7.50094475127839;11.8087698567353;0.000209411293234243;4.5313742994822;-0.191831412196575;0.952154921133693;137035;794.501120151786;969.3726443769;113013;1006.06274499394;1010.83050847458;397436;1034.01628438289;1068.65779467681;22;20;1487.93790122505;28.7;17.8916181492899;67846;0.92070418919583;17.2458467725359;4.96605760919771;19.4307145681714;22.0838988202158;TRUE;0.789713289857058;0.958986334751372;1.57902632103964;3.02249792944094;"D20181005";"H2B TSA";"no"
"20181005_R01_001-Scene-01-P14-A01_seg_0_cid_5";"20181005_R01_001.czi";0;5;"TSA";"hiPS";"H2B";"ZSD";"no";474633;0.980607109440495;-0.19024749289443;-0.0470700367765054;-0.190739902131431;-0.981621288311125;-0.00615922635560796;0.0450331727690816;-0.0150179153610358;0.99887260227146;162.155491292644;106.312403090795;46.5993940517946;131.732105312057;563.371163868351;1500.69858472002;0.996139839548781;0.972277912723704;0;44;74.5637218651042;51.9267117962721;20.2812235980221;885.293085394399;929;420189313;943;1850;212.35116735299;6.38360693053852;0.000541637165059481;190.07948123967;0.812369852113324;524.013143521787;0.130180098122896;200.164433664913;1905.97309284747;7.33391560024234;11.590560271202;0.000211329716584021;4.55468338188104;-0.180468792931705;0.940772674327317;91631;775.657561305672;921.971850809289;70756;965.522655322517;975.722306525038;203246;971.024733574092;993.016042125888;9;9;1368.40202077516;34.6666666666667;15.6489261257407;46914;0.930181945009592;15.0936783651727;10.6713833058115;20.2212144125625;10.4881136148109;TRUE;0.803355112414815;0.944912138057828;1.54570508157254;3.32185832344459;"D20181005";"H2B TSA";"no"
"20181005_R01_001-Scene-01-P14-A01_seg_0_cid_7";"20181005_R01_001.czi";0;7;"TSA";"hiPS";"H2B";"ZSD";"no";538312;0.485301626081428;0.874224786406368;-0.0146066613386551;0.87427160591493;-0.484973075238627;0.0212196933182093;-0.0114669443903434;0.0230681409378777;0.999668129961148;145.830525368014;117.803362734032;51.0123922490576;167.321710778743;734.186338822937;1141.57022241715;0.989200071932408;0.973684338011587;0;50;61.4618418315029;68.5417155850139;24.193841118162;885.778202975226;938;476825036;965;1870;233.995696655509;6.42793357426371;0.000532621323235075;186.72809598711;0.824911759124257;548.619650799185;0.129718610669562;200.343171488319;2007.75050720963;7.36423794929319;11.6334016609903;0.000209213708421941;4.56851434212459;-0.182520681570323;0.943213421600717;117966;772.218562975773;965.872521246459;91877;979.133330430902;977.332820906995;187943;997.092889865544;997.774478614351;12;12;1490.63567330817;16.8333333333333;5.58022301426107;49136;0.974332164009684;12.0673919750462;5.00606380242266;12.7366392977839;14.8006297000267;TRUE;0.788675596035456;0.988273902794035;1.68285431759474;2.31478215334125;"D20181005";"H2B TSA";"no"
"20181005_R01_001-Scene-01-P14-A01_seg_0_cid_8";"20181005_R01_001.czi";0;8;"TSA";"hiPS";"H2B";"ZSD";"no";814540;0.91289982629279;0.408027245526854;-0.011299294772807;0.407947430980164;-0.912963507433264;-0.00874800844977946;0.0138852695789134;-0.00337653711975731;0.999897893930075;168.916393589091;130.325107285656;56.3641328329473;211.599743791685;915.551460300179;1666.8937970297;0.991910071437577;0.972925902978436;0;55;82.7784896997078;69.1797517617305;26.8740196920962;946.82042011442;994;771223105;1038;2245;233.451602231213;6.42913859979532;0.000751730597784488;125.975173140216;0.832107837391674;382.820661687679;0.150515874603307;171.042873103153;1405.3074736105;7.10649657067798;11.1541026480106;0.00024989308748607;4.31672451103789;-0.18446615324471;0.938662095836217;151999;817.228646241094;1028.8758934373;127232;1022.6201584507;1029.56036745407;350340;1043.05343095279;1040.38869487533;17;17;1529.1752627637;77.5294117647059;161.746031007604;65532;0.961447108835635;14.787191051791;6.92261791648983;18.9370082494407;14.1206011940908;TRUE;0.799151707980425;0.999335178355336;1.61506367023527;4.96773371213874;"D20181005";"H2B TSA";"no"
"20181005_R01_001-Scene-01-P14-A01_seg_0_cid_9";"20181005_R01_001.czi";0;9;"TSA";"hiPS";"H2B";"ZSD";"no";736304;0.342791379139708;0.938909869045193;-0.0306973646594466;0.936013439651913;-0.344145890283432;-0.0737729421401831;0.0798305153339982;0.00344441730371047;0.996802500403639;192.195625709582;127.744117524836;51.8481012511337;145.998758968427;836.028827841554;2265.12343139402;0.997920608058608;0.984633480592956;0;47;64.8466964731958;96.779930572155;22.4867310241422;862.918992698668;905;635370706;920;2339;215.516872194252;6.34828804996649;0.00106264784563153;104.592243257214;0.831628054022747;321.431400219296;0.175584460804496;150.838990365099;1181.13335761997;6.90378658314818;10.684806934762;0.000294538402169674;4.11655030059628;-0.20037172490541;0.945015279508749;142702;748.222968143404;876.70136239782;119913;938.490563992228;963.61229178633;300153;955.35727112506;964.566009581403;15;15;1559.27764707858;20.4;12.6216744795081;66228;0.885393145778327;19.1316091715765;14.3960528282183;14.0727811951035;23.2195801344794;TRUE;0.797262110937538;0.909807159861571;1.80698033102984;2.54823893662846;"D20181005";"H2B TSA";"no"
"20181005_R01_001-Scene-01-P14-A01_seg_0_cid_12";"20181005_R01_001.czi";0;12;"TSA";"hiPS";"H2B";"ZSD";"no";493132;0.990621379601845;0.136339875094323;0.00898447188214464;0.136571887408145;-0.986009149992255;-0.0955723584585428;0.00417155193106482;-0.0959030478703137;0.995381938535993;148.674726884839;93.5720424292262;54.738176700785;180.608105181617;487.196427265028;1338.06833886663;0.990848767003854;0.928749067280186;0;52;73.4738710933381;51.2083620612737;25.1933964942449;811.175435785956;853;400016565;879;1714;196.030332389663;6.20208374635606;0.000653337394577854;188.548251804462;0.793582620322029;473.922945652204;0.135484752606569;197.791915003442;1707.14353080435;7.18157234261406;11.3771767151892;0.000219284180604168;4.51971588896808;-0.1706963761473;0.929017859836474;106728;732.80774492167;873.254643962848;83219;881.307237529891;893.363921568627;175734;895.337703574721;898.570474467789;8;8;1334.92154898819;80.375;166.22946301724;46244;0.974956542684893;12.8981129138512;10.8501090436967;17.1130137223202;7.30136937959352;TRUE;0.831500881549059;0.97749038536225;1.64566318221257;5.05807840014587;"D20181005";"H2B TSA";"no"
"20181005_R01_001-Scene-02-P15-A01_seg_0_cid_1";"20181005_R01_001.czi";1;1;"TSA";"hiPS";"H2B";"ZSD";"no";603424;0.792645590254464;0.60517844215353;0.0739731127016987;0.602264107584842;-0.796085893393245;0.0593733530745366;-0.0948204248312905;0.00251067578659127;0.995491227255122;160.976092098796;122.681498813945;54.2888668729183;148.94769068455;815.442458872629;1492.80089374804;0.995009790896035;0.983176375492643;0;52;73.8766737816196;71.4442713581164;23.7629593784801;812.543137163918;860;490308030;878;1690;209.40570196762;6.29614888248284;0.000598527574486099;223.251995989435;0.791462524298566;561.432132260024;0.135286570535743;218.624643169877;2022.47653305066;7.2928939972255;11.5116278700503;0.000215691353987423;4.57247506089549;-0.180355804200548;0.938997796080858;139481;732.667137459582;875.829252150893;107585;902.557438304596;892.059447983015;190800;899.713176100629;889.041052212037;12;12;1315.20333794762;19.6666666666667;11.4697670227235;56848;0.910421984567341;14.8568114507729;7.35041647639969;17.5794035960122;15.1911008213432;TRUE;0.811767879101253;0.981805925749883;1.618625864638;2.50201807113402;"D20181005";"H2B TSA";"no"
"20181005_R01_001-Scene-02-P15-A01_seg_0_cid_3";"20181005_R01_001.czi";1;3;"TSA";"hiPS";"H2B";"ZSD";"no";644412;-0.0243756815746135;-0.999595339078885;0.0146623408616169;0.9968102772899;-0.0231876241477244;0.0763649472966224;-0.0759940605376838;0.0164770196987516;0.996972121267612;160.354774499123;133.301340015822;50.5962540367663;149.238939925827;922.906728144504;1473.60346441504;0.994858486854402;0.986839087813286;0;47;67.2381256090824;77.7467520778632;22.1734278691272;1044.7245613055;1092;673233044;1108;2391;264.464526588865;6.65208469953901;0.000594843433760483;140.188902114954;0.860008708936703;511.183068635057;0.143972680214249;180.321237346826;1904.54337242527;7.35195231331912;11.459068447248;0.000237033110708654;4.38614366820465;-0.204129093714268;0.956652938053035;115933;879.036038056464;1071.81042345277;94585;1136.66495744568;1152.10047522064;293744;1155.04481453238;1168.66170440364;13;13;1807.04656162912;68.4615384615385;132.218708896466;57610;0.929983450668131;14.8393787247724;5.60972756779556;15.312992702007;20.1680175691696;TRUE;0.773346650917994;0.930309852747441;1.72968706638908;4.66818856899114;"D20181005";"H2B TSA";"no"
"20181005_R01_001-Scene-02-P15-A01_seg_0_cid_4";"20181005_R01_001.czi";1;4;"TSA";"hiPS";"H2B";"ZSD";"no";636539;0.484836158590643;0.874397899150577;-0.0190319017474861;0.874302928656961;-0.483982078215694;0.036820332805104;-0.0229845222906629;0.0344914761509943;0.999140655667657;142.886655648809;126.643199388762;57.0795830875024;198.130227553774;864.87256404617;1138.6422735099;0.984744648099207;0.973406178323252;0;55;64.3649517154487;67.9158386210429;26.5414782126468;1076.25255326068;1137;685076724;1174;2772;277.79790497716;6.60757861381877;0.00091317685937848;115.537036790905;0.842546014059276;375.759653781222;0.164555002632078;160.119260321963;1387.50157833398;7.02584849989348;10.94076932527;0.00027258181590909;4.22297976392665;-0.196183756693288;0.945370932996726;129994;934.685670107851;1192.84604519774;104426;1190.03247275583;1223.25375375375;245334;1192.07256230282;1188.18622635594;22;15;1940.32721001221;16.0666666666667;8.37031792838374;55272;0.968753065819751;11.8416984634554;3.82343311638427;13.6772447150972;15.4883004344121;TRUE;0.785428710145485;0.975141945436339;1.80285491926005;2.26145502675149;"D20181005";"H2B TSA";"no"
"20181005_R01_001-Scene-02-P15-A01_seg_0_cid_5";"20181005_R01_001.czi";1;5;"TSA";"hiPS";"H2B";"ZSD";"no";739098;-0.107954723691886;0.993947142435288;0.0203680062189023;-0.992489721378663;-0.106565553144207;-0.0600660956012025;-0.0575319962308981;-0.0266994555711157;0.997986577305473;146.531960894179;131.257241479612;64.0091595057293;244.9575241469;881.864706020765;1228.74379652945;0.979927120072164;0.9606469639657;0;60;64.0701341364745;69.2790996593145;29.4312621600924;1100.43690011338;1148;813330712;1174;2780;255.884921066045;6.58876694319153;0.000903164972177527;100.228700475451;0.843523141428893;325.485629584192;0.16583703029328;156.508303165193;1201.71381786132;6.99559589804996;10.9114436841742;0.000279405345818482;4.15861287466358;-0.191858708313543;0.942254831113581;130792;962.298970885069;1143.44629244629;106903;1179.9897196524;1180.38150289017;343463;1194.33963192542;1191.95757697322;14;14;1892.62389163491;21.7142857142857;14.3896221107365;59654;0.98875497462298;11.691807515222;4.30762575511508;12.4936535920899;15.5841384254893;TRUE;0.815514707338761;0.968709090786797;1.71988406735534;2.62904389736585;"D20181005";"H2B TSA";"no"
"20181005_R01_001-Scene-02-P15-A01_seg_0_cid_6";"20181005_R01_001.czi";1;6;"TSA";"hiPS";"H2B";"ZSD";"no";536575;0.623284846413266;0.777089323743174;-0.0874538915999067;0.780777445891995;-0.612172665638933;0.125024827258009;-0.0436185765238201;0.146208106372044;0.988291763303295;135.768832014887;112.080789051828;62.0641507901098;205.012499627653;688.619842931173;1024.29517343249;0.979765302296926;0.954654776092812;0;60;67.3276466477193;63.1312304896799;28.6524810138378;918.179808973582;952;492672331;954;2266;223.072817610253;6.47389650357745;0.000869635231669202;137.661788339578;0.826625395709747;407.832660944368;0.162519572993263;182.267173300812;1493.66885543789;7.10013206726518;11.0482415672385;0.000268099144386896;4.2702874834499;-0.197277256599122;0.947378084079399;106961;823.53469021419;927.484202792065;83439;986.945481129927;967.456780333069;217785;1009.14404114149;1004.51711279798;10;8;1524.02670971485;17.375;5.87233982327317;51106;0.933675555245021;10.9115124236702;5.35544517148995;11.1679734834366;13.2472702056484;TRUE;0.834427742929982;0.958682828676602;1.6598347021141;2.35173005943356;"D20181005";"H2B TSA";"no"
"20181005_R01_001-Scene-02-P15-A01_seg_0_cid_7";"20181005_R01_001.czi";1;7;"TSA";"hiPS";"H2B";"ZSD";"no";474388;0.468314768131465;0.87542992435479;0.119598183490133;0.863573618751941;-0.482136455316246;0.147597572645229;-0.186873976105958;-0.0341597131026158;0.981789810017957;142.164522931191;110.447354345012;55.4026092846927;152.861375661515;651.728088829054;1108.22557902684;0.990441499447144;0.972104592843554;0;55;63.6144126748569;63.0660788215554;25.5480598160156;960.155916675801;1010;455486445;1026;2267;259.761490432861;6.60893935863957;0.000650417261384781;155.760462508517;0.840714089342894;503.543818898346;0.150208422542744;189.664564334971;1858.41481308487;7.32856591696246;11.3684432031947;0.000244435847934809;4.38577758257039;-0.210032238219943;0.958821808044033;108310;834.556606038224;977.912980420595;82143;1064.60360590677;1057.02022653722;155173;1099.28001649772;1102.53465346535;9;7;1653.55676884973;21.1428571428571;10.8157104175701;46942;0.937648408081981;12.1036674843322;6.83167322415716;10.9256475407042;13.9700135649016;TRUE;0.783912999550094;0.925160139673224;1.72217526354947;2.59422058636944;"D20181005";"H2B TSA";"no"
"20181005_R01_001-Scene-02-P15-A01_seg_0_cid_8";"20181005_R01_001.czi";1;8;"TSA";"hiPS";"H2B";"ZSD";"no";501682;0.905860926447589;-0.421140847846815;0.0453471962791746;-0.422821892649963;-0.892670631012834;0.156079440103595;0.0252513174194907;0.160560053568794;0.98670301518064;147.334022958973;106.056392450422;57.6861751804298;167.237579860128;584.337252722501;1232.64009546164;0.99075349346515;0.95816976947832;0;52;70.8413556794942;54.417840384945;23.8414433844547;961.215815994993;999;482224673;1002;2190;225.183333463;6.49972204963708;0.000684081597717117;151.027581715217;0.826449880852257;446.73771304263;0.146283059152334;186.82176785903;1635.9232704553;7.23156726432225;11.3304230282212;0.000240112702250412;4.39172232770555;-0.190363210630815;0.945613830211128;91395;854.107653591553;1008.3283045977;73632;1016.04498044329;1024.84504792332;226124;1052.29324176116;1057.34425159859;5;5;1798.67321080479;25.4;10.8;47576;0.953324483273885;12.5059457064331;8.20428732263342;15.2800653187486;10.3355036232316;TRUE;0.84061992336099;0.983883667722169;1.87124803907113;2.84342594576829;"D20181005";"H2B TSA";"no"
"20181005_R01_001-Scene-02-P15-A01_seg_0_cid_9";"20181005_R01_001.czi";1;9;"TSA";"hiPS";"H2B";"ZSD";"no";602490;0.87198210165744;-0.450391249699667;0.19182006303577;-0.468849127767106;-0.881057314855431;0.0625979499006259;-0.140810900789315;0.144518961156347;0.979431753663925;135.557395670677;117.334436929883;71.0791039072481;241.585130447083;699.168418659497;1029.13292328455;0.97205667618119;0.93840693164434;0;68;65.8191057112981;61.2693671264253;32.5794453019967;1033.84978339889;1081;622884156;1108;2269;240.602615345663;6.48554418828438;0.000776515118915374;157.393343731738;0.816099815677459;438.850501607603;0.148005071457725;199.734570177387;1598.00866269867;7.13101176939152;11.2269592517399;0.000243186517470999;4.38432559965258;-0.180826781426193;0.936798699294244;116749;919.033978877763;1057.2336382829;92233;1115.74201207811;1118.30406504065;253040;1133.51110496364;1132.50979872881;12;12;1683.66328490216;20.5;6.25166644450368;53022;0.973523867994024;9.86496953355462;3.80929294271706;12.0825988575068;10.1180051568008;TRUE;0.823697565323396;0.945390141494719;1.62853763857931;2.55447698497515;"D20181005";"H2B TSA";"no"
"20181005_R01_001-Scene-02-P15-A01_seg_0_cid_10";"20181005_R01_001.czi";1;10;"TSA";"hiPS";"H2B";"ZSD";"no";513070;0.997494812002531;-0.0705170938744467;-0.00560709368020729;-0.0679004194405086;-0.976677289982941;0.203693407530488;0.0198401882006986;0.20280239323805;0.979018670010475;173.89198110298;91.4734184920109;57.0095741819701;158.778443107822;433.771227057451;1853.06607382572;0.996322348268704;0.930598371559043;0;50;85.3726236186096;44.7581830939248;24.226212797474;912.988202389537;959;468426857;977;2135;220.426167678631;6.38753630952071;0.000745808590453285;150.896669288244;0.795509646757644;378.388257941545;0.146850297590503;174.01389380382;1362.65636247793;7.07924865453198;11.191546050924;0.000241089054970079;4.3918285558282;-0.171881999710289;0.927339388733349;102776;823.706507355803;981.734547820429;83090;983.298736310025;1001.72118702553;202817;1000.5489677887;1003.8411858126;13;10;1525.25494278307;21.7;12.1165176515367;49400;0.932975539036448;16.8677782341734;15.7769297262879;21.5283177974158;6.98711883693378;TRUE;0.837697107642876;0.980047702430601;1.67061845792866;2.62817893800789;"D20181005";"H2B TSA";"no"
"20181005_R01_001-Scene-02-P15-A01_seg_0_cid_11";"20181005_R01_001.czi";1;11;"TSA";"hiPS";"H2B";"ZSD";"no";650685;0.9020145368158;-0.423520646399411;0.08366622643817;-0.427386473360606;-0.903405223192902;0.0346382028426313;-0.0609145119110578;0.067001975950027;0.995891639415368;150.955450988296;115.509264043014;60.3810128342986;212.78182327147;731.098783801411;1306.793350657;0.986654561102919;0.956709706569841;0;58;72.2264413656378;64.186890738222;28.2627185197138;974.566499919316;1026;634135803;1059;2286;242.21850511113;6.42664479590601;0.000872407092069273;140.347308226572;0.826756118359449;417.678981560305;0.153579151155203;180.226188116805;1530.36861801465;7.03467255664112;11.0503364929616;0.000253024566370207;4.32629582777036;-0.182372690220143;0.935845182413474;129683;860.2519913944;1055.63246143528;102767;1064.46351455234;1068.07037037037;263061;1069.47218705928;1067.28025477707;13;13;1698.670358671;60.7692307692308;130.255461333107;55632;0.976573737615468;12.2650932503047;6.71698859328739;15.5306205185642;11.1174686285612;TRUE;0.80815545073537;0.988354785152612;1.74300097408605;4.39811856702731;"D20181005";"H2B TSA";"no"
"20181005_R01_001-Scene-02-P15-A01_seg_0_cid_12";"20181005_R01_001.czi";1;12;"TSA";"hiPS";"H2B";"ZSD";"no";464783;0.276796487740385;0.956110123266777;-0.0961100232097359;0.944247378085231;-0.252072313468071;0.211793384604008;-0.178271123162878;0.149375302408542;0.972577208079956;156.243713585056;90.931067916227;59.4532092875499;166.608345154024;439.818426824935;1442.04647839492;0.993303288312638;0.925473787731309;0;55;46.9382830267028;77.0626442877644;28.1441769600007;777.881329566701;814;361546018;822;1899;187.183729235209;6.09874544569544;0.00111916738687523;149.993471974162;0.779423911080371;350.464566049798;0.163244476453824;177.714622837529;1251.86479222503;6.82540244757218;10.7406077061637;0.000269111416862364;4.27855941045589;-0.169509640018956;0.916930691162881;99478;721.072448179497;837.448847262248;76932;839.269146778974;845.460869565217;169333;846.417721294727;854.137127872898;10;10;1303.98351980454;27.3;11.2876038201205;46262;0.935765917487477;14.0521559101274;13.2003136722802;7.55263559346065;16.8694023807246;TRUE;0.859167110988051;0.990523485365928;1.67632705689297;2.94785683044776;"D20181005";"H2B TSA";"no"
"20181005_R01_001-Scene-03-P13-A01_seg_0_cid_2";"20181005_R01_001.czi";2;2;"TSA";"hiPS";"H2B";"ZSD";"no";575730;-0.00888265425407702;0.999256547824787;-0.0375159976901994;0.998591706760474;0.0108266388962123;0.051936375301082;-0.052303935249715;0.037001831299269;0.997945470873982;142.61214564014;111.969020067604;62.3694892094647;215.378853623864;648.313548010307;1164.92080937412;0.982759763528349;0.943204029469017;0;60;54.7066767408334;68.2042606777483;28.8668646761503;954.209124068574;998;549366819;1011;2289;235.744961608632;6.49172877699967;0.000788851906505323;135.323932640551;0.828199000131883;404.582336397678;0.156621109514653;176.432529864508;1483.00541295016;7.12587375039997;11.1355889401018;0.000258283375206927;4.301099585101;-0.192201260033474;0.944929989358263;122902;861.37525833591;1060.3376344086;93357;1035.24770504622;1040.39221789883;213940;1051.0358979153;1044.78722867239;15;15;1536.91931243664;53.9333333333333;125.163608484611;51692;0.970698129132627;11.2815031402569;7.18830484501714;8.93748287578562;15.6403885481133;TRUE;0.832047493693746;1.0191710550758;1.61067346105799;4.1433697873646;"D20181005";"H2B TSA";"no"
"20181005_R01_001-Scene-03-P13-A01_seg_0_cid_3";"20181005_R01_001.czi";2;3;"TSA";"hiPS";"H2B";"ZSD";"no";730668;0.543806898802691;-0.839188784398004;-0.00602004611278451;-0.838923390053456;-0.543419357720829;-0.0300490811090378;-0.0219454422561113;-0.0213912551029917;0.999530295573527;146.736812477395;130.839285001708;61.2330154550506;234.380296614523;912.198011779339;1201.92128958833;0.980802308438674;0.96642731637291;0;60;65.6699472263737;71.81243054301;29.734295192892;1038.05781285071;1093;758475626;1137;2021;247.268454728574;6.51512596473386;0.000494222215820624;187.05574208206;0.834702716366316;582.951429645288;0.128052581618657;217.896039094485;2144.7499764991;7.43017325843212;11.7122389519134;0.00020917496507046;4.5488515580472;-0.187162677162745;0.94797561134237;141581;890.369971959514;1060.53614035088;114341;1129.81089897762;1139.39655172414;304648;1153.49140647567;1142.07250315442;12;12;1505.97236317249;39.25;26.9633238554399;59394;0.989198616434492;11.699573461609;3.29767617878338;13.5250930476996;14.7662827175968;TRUE;0.788069908659247;0.930787563597653;1.45075962487753;3.53463760981431;"D20181005";"H2B TSA";"no"
"20181005_R01_001-Scene-03-P13-A01_seg_0_cid_4";"20181005_R01_001.czi";2;4;"TSA";"hiPS";"H2B";"ZSD";"no";528342;0.231229360546408;-0.972815879265057;-0.012737655634116;-0.969241676306431;-0.229206110190908;-0.089638897593914;-0.0842825944783269;-0.0330730116697504;0.995892875849152;156.233535780319;104.903021637136;55.4335513314213;175.283404616994;547.286492938933;1400.42028905207;0.992135957759721;0.947323858483024;0;52;53.3858163840845;76.7645464490803;24.3189638529589;985.088794757941;1039;520463784;1070;2223;254.843613887741;6.54752984081628;0.000618242125492939;163.867352664861;0.830329676178525;497.034822872585;0.139982844813788;185.107681845256;1824.27193882548;7.28381373076485;11.4507610671805;0.000226787332463511;4.46858454746904;-0.187907205750277;0.945190738225591;114730;869.416926697464;1074.75382475661;89111;1081.78402217459;1086.76359516616;187679;1099.71075080323;1095.17010309278;10;8;1629.47577615877;32;20.7545175805173;48880;0.966904578781217;13.4023739642935;9.99432888445589;9.42639784439313;17.3448588334035;TRUE;0.803688082718924;0.988949049763007;1.65414101229237;3.19153824321146;"D20181005";"H2B TSA";"no"
"20181005_R01_001-Scene-03-P13-A01_seg_0_cid_5";"20181005_R01_001.czi";2;5;"TSA";"hiPS";"H2B";"ZSD";"no";449103;0.561752818105798;0.826549221803992;-0.035357535058448;0.826254273066979;-0.558373221321043;0.0743183823163494;-0.0416851003207529;0.0709628751304316;0.996607557047643;127.096408795632;105.161589181244;54.8305379642581;178.333069665549;591.660012446854;905.628084477954;0.980420272506132;0.953494190342503;0;52;57.9250149742932;60.5438307025337;24.926644889925;1042.2118289123;1093;468060459;1101;2735;266.719333140354;6.59743050120266;0.000959610928243869;111.339257589188;0.852459021459062;386.775630028089;0.168307739729138;157.69653759562;1435.76326252317;7.02097683357501;10.8831883100783;0.00027963786252773;4.18951062828343;-0.202857274982163;0.949914028313518;90988;908.121763309447;1111.10151878497;71758;1134.58836645391;1155.02408563782;177039;1160.6371082078;1165.82310685424;8;8;1982.38824494758;26;7.41619848709566;42962;0.984856379508441;9.79791677165116;4.36738848005316;10.6889085842205;12.3407293344899;TRUE;0.800397562816306;0.961972596589969;1.90209724161017;2.8768136958758;"D20181005";"H2B TSA";"no"
"20181005_R01_001-Scene-03-P13-A01_seg_0_cid_6";"20181005_R01_001.czi";2;6;"TSA";"hiPS";"H2B";"ZSD";"no";470777;-0.539186935144196;0.833387318040563;-0.121420867642123;0.84218611049945;0.533564904780246;-0.0776598201688378;-6.52044317838953e-05;0.144132128673673;0.989558449629115;131.181355177648;103.942496005725;63.4875852470011;209.379085342465;566.005868012798;894.291707628978;0.972205684509748;0.929062067306815;0;58;55.130936728005;59.4377189199982;28.3976936001546;831.293291728355;870;391353762;879;1846;203.481027303773;6.25983838665375;0.000767987669719498;172.357959931894;0.797271735785249;438.873828129808;0.147828137671584;196.9815089003;1583.13735258734;7.11235619732866;11.2082866283378;0.00024128699040059;4.41447502104585;-0.177213570794593;0.932656334656426;95451;757.554755843312;882.789777411377;73009;896.722965661768;897.878228782288;189033;906.16293451408;901.90901848311;10;8;1321.85793898594;85.5;157.129723477132;44628;0.980218669501992;9.18036326625775;4.93209622341747;9.54420688326323;11.089883413359;TRUE;0.844803562362483;0.983195436878591;1.59012222537925;5.21684725372654;"D20181005";"H2B TSA";"no"
"20181005_R01_001-Scene-03-P13-A01_seg_0_cid_7";"20181005_R01_001.czi";2;7;"TSA";"hiPS";"H2B";"ZSD";"no";528209;0.814248479645438;-0.565680991222486;0.130401033602647;0.561941957942095;0.824420229246465;0.0674723759283124;0.145673090511934;-0.0183385326226508;-0.989162802031066;132.213164234562;126.895569492302;55.8342306986967;169.628806624338;856.301930881772;930.544954509562;0.983244856197909;0.980182901837531;0;55;62.2767824857206;65.7902288677399;26.3906559714053;855.537525865709;902;451902621;906;2065;210.915539865447;6.25550638880643;0.000921506353071891;143.706643732078;0.789760523458712;354.77346435733;0.15819717334639;178.6612288247;1275.38721369724;6.9264994577919;10.8880366351072;0.000261689367244065;4.29227477825182;-0.17653568452516;0.926954681860413;113819;772.499178520282;889.079222720478;89553;934.529820329861;932.832702498108;187901;942.251579289094;936.092273622047;6;6;1437.04424674912;108.666666666667;184.684114699186;49718;0.950479500842076;11.2503124587997;2.76357736573548;13.626328183534;12.8341769424249;TRUE;0.826618008024199;0.953096112882344;1.6796975039698;5.88129869149991;"D20181005";"H2B TSA";"no"
"20181005_R01_001-Scene-03-P13-A01_seg_0_cid_8";"20181005_R01_001.czi";2;8;"TSA";"hiPS";"H2B";"ZSD";"no";455997;0.657698730387777;-0.752858112468328;0.0252397016015052;-0.753019274829055;-0.656217674114346;0.0483770184682894;0.019858292530602;0.0508234854234071;0.998510201023097;121.674885160997;108.892481004585;55.0005492633045;188.16657337906;631.457117928067;838.712131221408;0.974508220289015;0.954569650777355;0;52;58.6961997557001;58.8515297249763;24.4006627236583;1025.19912631004;1071;467487726;1098;2161;227.48081896536;6.46333002908767;0.000620295872425554;165.206840354085;0.817747537088752;464.809427146211;0.136443402269589;197.080215931957;1694.03086823076;7.23246745788851;11.4324711681543;0.000222986565633736;4.47777422981092;-0.177647772682701;0.936804685754665;77686;909.774360888706;1080.47306397306;63042;1086.15786301196;1114.64472497746;220887;1107.50156867539;1101.19476831091;8;8;1683.34578958826;77.875;166.74564274667;42848;0.992112487542849;9.43342971229806;2.80739202792603;11.3908368375325;12.0865866300219;TRUE;0.837607857817154;0.969343002089671;1.64196959048049;4.9787932661;"D20181005";"H2B TSA";"no"
"20181005_R01_001-Scene-03-P13-A01_seg_0_cid_9";"20181005_R01_001.czi";2;9;"TSA";"hiPS";"H2B";"ZSD";"no";515125;0.912922890065557;-0.407129711517649;-0.0285866191408956;-0.403523611426229;-0.910893741249587;0.086262895696029;0.0611595602983288;0.0672159962500421;0.995862198314721;135.419342909346;102.83404305154;63.6232183790656;224.96968145501;538.711891106718;1037.91579304863;0.976226837807419;0.908627902534203;0;60;66.7784013588935;55.3138888619267;29.5192991992235;884.13077408396;926;455437865;947;2077;206.587107090738;6.27309954206047;0.000920982620832558;146.366793212758;0.786457061142732;353.634944451912;0.157602926999329;183.272379747625;1268.17298459489;6.94489736415532;10.927343528239;0.000261481396797418;4.29386678730426;-0.174492049562669;0.926488481986643;105011;801.387692717906;930.063429913861;80916;954.403430718276;945.971649484536;203879;966.191721560337;967.134640334438;7;7;1565.05392421123;92.8571428571429;171.242875615249;47838;0.972667280035455;9.83502753196199;6.34664982913581;12.55401319587;8.72738428757098;TRUE;0.839673943873806;0.983183196262442;1.77016112331659;5.43666686253711;"D20181005";"H2B TSA";"no"
"20181005_R01_001-Scene-03-P13-A01_seg_0_cid_10";"20181005_R01_001.czi";2;10;"TSA";"hiPS";"H2B";"ZSD";"no";548101;0.569073866970698;-0.821443696247938;0.0372181115257479;-0.821677110188645;-0.566327338463999;0.0641877893397248;0.0316490208861744;0.0671088638170129;0.997243570986615;122.790181814906;114.794900232628;66.2403947473985;249.162938539737;700.854658793774;812.308731201715;0.951795186947027;0.934671338309759;0;63;55.4631044278336;60.3192933419206;30.4614915864047;906.573377899329;945;496893775;967;2079;218.198328757319;6.36822997082324;0.000749222807617719;146.303440640236;0.824455761976735;427.407113192511;0.151412274572195;182.326759542532;1563.3250121298;7.14252288272815;11.2058277220668;0.000249689799465475;4.3468830107425;-0.186439499616125;0.940582507113683;108969;823.134524497793;1003.14110929853;85335;979.519575789535;991.58275862069;223370;983.046268523078;973.215450035436;9;9;1535.96166828099;28.2222222222222;5.02831488843767;48282;1.00426894964347;8.12439823675252;2.41348466609546;9.97783292946232;10.1989839318528;TRUE;0.840345149645744;1.0116564659655;1.69424969420572;2.99723411554873;"D20181005";"H2B TSA";"no"
"20181005_R01_001-Scene-03-P13-A01_seg_0_cid_11";"20181005_R01_001.czi";2;11;"TSA";"hiPS";"H2B";"ZSD";"no";535183;0.0372757460781327;0.995410670909516;-0.0881369105073805;0.998243121197328;-0.0411559390575869;-0.0426246368020217;0.0460563756339407;0.0863931994994725;0.995195973335759;128.274654726564;104.749151823189;69.1982289314079;263.870641206208;575.315547827625;898.69527379955;0.955923680290159;0.888615060211818;0;66;53.3909858870704;63.9302425525474;31.0357055437112;847.533004598427;883;453585256;885;2126;195.321266941788;6.17716636831591;0.00112529306351099;120.108127459885;0.788463953463644;292.164768499125;0.169324938684767;165.211727279262;1048.55094653662;6.76856072059805;10.640495007732;0.000284481926233679;4.17337373695816;-0.169668986685269;0.916878838508776;104836;781.473568239918;924.500851788756;82316;908.554509451383;901.808680248007;222295;913.992581929418;913.962164606572;8;6;1421.81141288049;24.5;13.1244047484067;47396;1.00633620387499;8.21306298707819;4.70802563289479;7.33551126857744;11.5354823561699;TRUE;0.860128434904582;1.02516295533384;1.67758825339689;2.79259596281003;"D20181005";"H2B TSA";"no"
"20181005_R01_001-Scene-03-P13-A01_seg_0_cid_12";"20181005_R01_001.czi";2;12;"TSA";"hiPS";"H2B";"ZSD";"no";475476;0.593729106050819;-0.804338365464233;0.0229247130935469;-0.804105467587961;-0.594137678238855;-0.0203670393550306;-0.0300024269558629;0.00634138307224226;0.999529710032418;127.584007492514;96.2757459973101;66.8914667968429;281.088696220537;461.168631857084;874.36594455948;0.946917326990266;0.792775373520789;0;66;54.2227536195307;55.4144604564689;32.0317282049988;852.825387611572;894;405498004;919;1804;196.158187639316;6.19161960828843;0.00073355971439141;171.841290662044;0.782732927875579;408.96579643472;0.143426795417483;205.196359380198;1464.02189507684;7.06127932074573;11.1942964228971;0.000236284138043045;4.42149398163042;-0.167413122699354;0.923015267769211;102191;791.832656496169;928.082561078349;76189;908.10913648952;899.411596958175;176961;930.009889184623;936.025453143077;6;6;1380.53414446285;101;187.898021987105;44148;0.999668811206232;8.19226487765509;6.50099655004149;7.27706219160932;8.36749277446304;TRUE;0.871957592627202;1.03187746768792;1.6187770257745;5.67003514138694;"D20181005";"H2B TSA";"no"
"20181005_R01_001-Scene-03-P13-A01_seg_0_cid_13";"20181005_R01_001.czi";2;13;"TSA";"hiPS";"H2B";"ZSD";"no";465200;0.457271486026483;-0.88793286481917;-0.0497796709626906;-0.88653881128875;-0.45069410549854;-0.104516789788057;-0.0703684883016712;-0.0919241581027112;0.993276509845695;136.100928558552;101.500335874108;58.2762507764052;197.726713297637;518.154549158333;1033.25840397492;0.981519468449968;0.924328407661636;0;55;50.4108533963887;62.530401977644;28.2374011177988;894.542757953568;932;416141291;949;1960;205.065157763139;6.3432982363155;0.00067742431442427;159.420285052419;0.808384483647439;428.282849701747;0.146017889586156;195.179270562999;1553.71111375457;7.19619405095772;11.2936749478957;0.000240811453520658;4.39058824045719;-0.185837791347654;0.941029476990181;89339;815.361790483439;971.147244094488;72669;952.402716426537;988.513680494263;195056;969.807783405791;980.414626490898;9;9;1398.98276263554;34.1111111111111;24.2186541714552;44334;0.975216550138364;10.6253775465007;6.92713777651808;9.65055911507764;13.1266638635759;TRUE;0.856110315962472;0.98243176928913;1.56390820919055;3.29513336534053;"D20181005";"H2B TSA";"no"
"20181005_R01_001-Scene-03-P13-A01_seg_0_cid_14";"20181005_R01_001.czi";2;14;"TSA";"hiPS";"H2B";"ZSD";"no";520920;0.0646591475649789;0.994099424453602;-0.0870949420872819;0.9955902188321;-0.0583185372700146;0.0734783258963927;-0.0679655118572713;0.0914619183688086;0.993486490439742;144.499836425216;108.429307419399;62.3378808046152;184.753527786734;632.977252657635;1169.93117927581;0.987452183459094;0.95645488561442;0;60;56.4613453121401;68.9271346847885;26.432116255855;768.786439376488;803;400476232;812;1888;188.93482229888;6.19216536785353;0.00101802913882073;154.110582883359;0.784832326136016;371.540426868584;0.168236241392403;178.558973232557;1332.05112459098;6.94634005782466;10.8411794629107;0.000277277214785599;4.24878282688555;-0.185412059336684;0.934996517569195;119587;718.414083470611;799.601416613007;88059;831.73928843162;811.73773006135;172313;844.975358794751;841.678840655056;11;11;1313.14836365165;22.4545454545455;18.1727249988629;50230;0.934637821423316;11.9201510328311;8.10265979331798;9.60915172575105;15.6369960926659;TRUE;0.86374912603359;0.985048972101586;1.70807950868209;2.67348158922876;"D20181005";"H2B TSA";"no"
"20181005_R01_001-Scene-03-P13-A01_seg_0_cid_15";"20181005_R01_001.czi";2;15;"TSA";"hiPS";"H2B";"ZSD";"no";553721;-0.220335822016299;0.973538219402484;-0.0606255795769721;-0.968374664498609;-0.225779373510125;-0.106179958817951;-0.117058253419434;0.0353130267750742;0.992497030447132;127.320908312645;116.106446523264;68.9077090798939;255.408959257707;665.190679904554;860.559416216894;0.954941496085649;0.923348260576712;0;63;57.1512332022806;62.2796372180213;31.1677090086885;899.329149517537;933;497977436;936;2087;203.580500517678;6.30305032116551;0.000812608195841281;136.9140689259;0.812339947449893;373.97084842489;0.155779799629979;180.340249449699;1358.96932477367;7.04347164376148;11.0564190091235;0.000258985987261802;4.29460691716596;-0.181625078463703;0.934477962871543;100310;816.890419698933;947.655421686747;81955;962.460740650357;983.812227074236;249354;967.40419644361;972.030718674096;10;10;1478.5751973027;29.4;10.7721864075962;48850;0.996116313274749;8.36295069321243;2.55088297982397;9.47907150279326;11.5082064556449;TRUE;0.848751938855128;0.963248265886046;1.64408681526214;3.05913560565782;"D20181005";"H2B TSA";"no"
"20181005_R01_001-Scene-03-P13-A01_seg_0_cid_16";"20181005_R01_001.czi";2;16;"TSA";"hiPS";"H2B";"ZSD";"no";578226;0.000418907079505167;-0.996773764888433;0.0802613614823311;-0.993999618921552;0.00836415838161103;0.109063277221883;0.109382732186889;0.0798254501065041;0.990789238644943;136.168009861267;116.977330561332;65.9298758765833;220.472887832996;727.688881856882;1022.27416506802;0.976466520250592;0.952997915095168;0;60;57.5729005613722;65.4962817306728;29.7918409064968;933.512896341569;979;539781428;983;2185;228.411120038731;6.41201958344537;0.000791092906715412;144.212932208648;0.813012248706521;398.477450138595;0.151831738525209;179.637428016452;1449.69686834573;7.08628824269449;11.1256709515857;0.000250516172382846;4.33756230697512;-0.183144928557884;0.937466464272447;121096;838.638832001057;976.034457478006;92960;1020.12791523236;1007.04754230459;220040;1023.35999363752;1011.21079691517;10;8;1637.2850326563;27.75;22.8842194535885;51374;0.979053306134172;10.3594099831659;3.85866685554249;10.4298166240514;13.6759696327037;TRUE;0.822091837188905;0.969203951627135;1.75389653326999;2.97205305161267;"D20181005";"H2B TSA";"no"
