"cell_id";"czi";"series_id";"cell_seg_id";"condition";"cell_type";"structure";"scope";"minipipeline";"dna_volume";"dna_shape_1st_axis_x";"dna_shape_1st_axis_y";"dna_shape_1st_axis_z";"dna_shape_2nd_axis_x";"dna_shape_2nd_axis_y";"dna_shape_2nd_axis_z";"dna_shape_3rd_axis_x";"dna_shape_3rd_axis_y";"dna_shape_3rd_axis_z";"dna_shape_1st_axis_length";"dna_shape_2nd_axis_length";"dna_shape_3rd_axis_length";"dna_shape_1st_eigenvalue";"dna_shape_2nd_eigenvalue";"dna_shape_3rd_eigenvalue";"dna_shape_meridional_eccentricity";"dna_shape_equator_eccentricity";"dna_position_lowest_z";"dna_position_highest_z";"dna_position_x_centroid";"dna_position_y_centroid";"dna_position_z_centroid";"dna_intensity_mean";"dna_intensity_median";"dna_intensity_sum";"dna_intensity_mode";"dna_intensity_max";"dna_intensity_std";"dna_intensity_entropy";"dna_texture_haralick_ang2nd_moment";"dna_texture_haralick_contrast";"dna_texture_haralick_corr";"dna_texture_haralick_variance";"dna_texture_haralick_inv_diff_moment";"dna_texture_haralick_sum_mean";"dna_texture_haralick_sum_var";"dna_texture_haralick_sum_entropy";"dna_texture_haralick_entropy";"dna_texture_haralick_diff_var";"dna_texture_haralick_diff_entropy";"dna_texture_haralick_info_corr1";"dna_texture_haralick_info_corr2";"dna_io_intensity_outer_volume";"dna_io_intensity_outer_mean";"dna_io_intensity_outer_slice_mean";"dna_io_intensity_mid_volume";"dna_io_intensity_mid_mean";"dna_io_intensity_mid_slice_mean";"dna_io_intensity_inner_volume";"dna_io_intensity_inner_mean";"dna_io_intensity_inner_slice_mean";"dna_bright_spots_number";"dna_bright_spots_number_used";"dna_bright_spots_intensity_mean";"dna_bright_spots_xy_cross_sec_area_mean";"dna_bright_spots_xy_cross_sec_area_std";"dna_surface_area";"dna_roundness_sphericity";"dna_roundness_roughness";"dna_roundness_roughness_xy";"dna_roundness_roughness_xz";"dna_roundness_roughness_yz";"valid";"dna_io_intensity_ratio";"dna_io_intensity_ratio_slice";"dna_bright_spots_intensity_mean_norm";"dna_bright_spots_xy_rad";"date";"group";"outlier"
"20181005_R01_001-Scene-01-P14-A01_seg_0_cid_1";"20181005_R01_001.czi";0;1;"TSA";"hiPS";"H2B";"ZSD";"no";780984;0.961184710771028;0.275892006915235;-0.00274814488305775;0.275886970693025;-0.960955770907759;0.0212222939594505;-0.00321421558715291;0.0211567218481245;0.999771004749988;192.461315065545;131.170211390078;45.7539464767579;140.513164920116;964.833285834948;2267.66053108294;0.998078389217638;0.989338438855665;0;44;99.8192741464614;66.2752578798029;20.3343845712588;755.074020722576;779;589700729;783;1967;162.033306635317;6.0480440802073;0.00122994980632899;104.653909029456;0.792343431391692;258.136113420189;0.172317230274344;145.27874304302;927.890544651299;6.71781417197789;10.5446651992265;0.00029053406970116;4.12805220401162;-0.168711955719781;0.914079093623288;123881;675.987415342143;795.381477398015;104422;784.696845492329;793.173534532792;401687;810.562121751513;827.365092689752;17;17;1320.07639198556;18.4705882352941;8.1682141979377;67252;0.900996071076532;19.2889818186258;11.7495512268058;25.4545489950147;16.0433915594066;TRUE;0.861463148762908;1.00278368196756;1.74827415029099;2.42474139629861;"D20181005";"H2B TSA";"no"
"20181005_R01_001-Scene-01-P14-A01_seg_0_cid_2";"20181005_R01_001.czi";0;2;"TSA";"hiPS";"H2B";"ZSD";"no";717080;0.997891653373884;-0.0648653034772815;0.00217727617361581;-0.0645545850012859;-0.988528248259521;0.136545259706349;0.00670475070735488;0.136397928128556;0.990631440809441;157.811852773244;126.877927491579;58.2229676883739;189.323582718317;882.419072309248;1497.08829332639;0.991971554424179;0.976712864640844;0;55;76.8839083505327;59.4200214759859;25.2510263847827;1053.45419060635;1095;755410931;1124;2898;251.900119630765;6.62349430693081;0.000967051296654866;81.4163114746664;0.866020755333598;309.008228294814;0.17649633639151;141.662157371336;1154.61660170459;6.98971106402441;10.767829295631;0.00030203005472861;4.03657631515777;-0.211391755316127;0.954159984620374;118204;890.54116611959;1066.20160295931;98940;1125.89506771781;1145.18695359785;355691;1152.73097997981;1159.35382488479;14;14;1843.06921868717;90.4285714285714;176.900583171822;60174;0.956382364391086;14.2213098245692;6.98596462837241;18.5196405796537;13.0419678606185;TRUE;0.790962845165241;0.931028422572935;1.74954851869385;5.36510095703626;"D20181005";"H2B TSA";"no"
"20181005_R01_001-Scene-01-P14-A01_seg_0_cid_3";"20181005_R01_001.czi";0;3;"TSA";"hiPS";"H2B";"ZSD";"no";813240;0.454411903463962;0.89079019621384;-0.0016273658367118;0.890790567003265;-0.454413467444106;-0.000752557921549232;0.00140986817125941;0.00110767085880818;0.999998392667212;170.976983033038;146.852448345154;44.0824036707247;144.809078278974;1272.42072662057;1777.63078646323;0.996676461193069;0.993502994768096;0;44;75.9485379469775;87.3270805666224;22.9869730952732;942.31355196498;984;766327073;998;1977;231.451237632058;6.54257598926711;0.000453557574989048;160.052796824521;0.854772473612973;561.769936068169;0.128058112979771;190.379383735644;2087.02694744816;7.50094475127839;11.8087698567353;0.000209411293234243;4.5313742994822;-0.191831412196575;0.952154921133693;137035;794.501120151786;969.3726443769;113013;1006.06274499394;1010.83050847458;397436;1034.01628438289;1068.65779467681;22;20;1487.93790122505;28.7;17.8916181492899;67846;0.92070418919583;17.2458467725359;4.96605760919771;19.4307145681714;22.0838988202158;TRUE;0.789713289857058;0.958986334751372;1.57902632103964;3.02249792944094;"D20181005";"H2B TSA";"no"
"20181005_R01_001-Scene-01-P14-A01_seg_0_cid_4";"20181005_R01_001.czi";0;4;"TSA";"hiPS";"H2B";"ZSD";"no";645242;0.197124401968587;-0.979590594178162;0.0392967930778443;-0.979669519729438;-0.19529944011657;0.0458885694181706;-0.0372773692958516;-0.0475436272052298;-0.998173332267773;142.778775946138;134.60011456952;53.0372629041034;167.568711704635;1031.81268723383;1171.49183949028;0.989717090922786;0.986724635415268;0;50;65.7284181748863;71.3958545785922;24.3401638455029;1174.70766782076;1239;757970725;1291;3087;323.570162542269;6.84562500653539;0.000773916827421527;101.801824643995;0.879389579645389;428.673035585276;0.162181845597566;151.209634691882;1612.89031769711;7.18441373755965;11.1239395029516;0.000270177371347988;4.20564379864296;-0.210734857083777;0.95777858560507;130586;989.445231494954;1278.85138004246;108388;1297.83182640145;1337.15593705293;247993;1319.51225639433;1330.6786287657;18;18;2260.26463054682;19.2222222222222;8.81006719330887;55750;0.966529006389447;13.2130092711077;1.79494444079889;15.7190479985531;16.9585599250928;TRUE;0.762383239004417;0.956396591156771;1.92410817811372;2.47358512442064;"D20181005";"H2B TSA";"no"
"20181005_R01_001-Scene-01-P14-A01_seg_0_cid_5";"20181005_R01_001.czi";0;5;"TSA";"hiPS";"H2B";"ZSD";"no";474633;0.980607109440495;-0.19024749289443;-0.0470700367765054;-0.190739902131431;-0.981621288311125;-0.00615922635560796;0.0450331727690816;-0.0150179153610358;0.99887260227146;162.155491292644;106.312403090795;46.5993940517946;131.732105312057;563.371163868351;1500.69858472002;0.996139839548781;0.972277912723704;0;44;74.5637218651042;51.9267117962721;20.2812235980221;885.293085394399;929;420189313;943;1850;212.35116735299;6.38360693053852;0.000541637165059481;190.07948123967;0.812369852113324;524.013143521787;0.130180098122896;200.164433664913;1905.97309284747;7.33391560024234;11.590560271202;0.000211329716584021;4.55468338188104;-0.180468792931705;0.940772674327317;91631;775.657561305672;921.971850809289;70756;965.522655322517;975.722306525038;203246;971.024733574092;993.016042125888;9;9;1368.40202077516;34.6666666666667;15.6489261257407;46914;0.930181945009592;15.0936783651727;10.6713833058115;20.2212144125625;10.4881136148109;TRUE;0.803355112414815;0.944912138057828;1.54570508157254;3.32185832344459;"D20181005";"H2B TSA";"no"
"20181005_R01_001-Scene-01-P14-A01_seg_0_cid_6";"20181005_R01_001.czi";0;6;"TSA";"hiPS";"H2B";"ZSD";"no";880880;0.99740635989687;-0.0702701084321287;0.0155777115845493;-0.0711171183613465;-0.995481942233092;0.0629131000969513;-0.0110864202181199;0.063857768116085;0.997897427964407;191.724355614461;131.518519510679;55.0427565471688;180.682761193409;952.335738853458;2294.31311186563;0.996894203421699;0.981837094666768;0;52;92.4880687494324;63.0622059758423;23.9404288892925;804.1998001998;843;708403520;851;1387;185.763641070332;6.15908244785949;0.000393623060227615;280.461949566426;0.789938616303556;690.569602257423;0.109081987847376;249.094175563061;2481.81645946326;7.51801091261388;12.0486510808015;0.000173204555208912;4.81550637894709;-0.161033479651696;0.928052504674126;167067;705.211334374832;827.058561070831;142805;859.864227443017;863.48;366516;886.847510067773;891.246364711612;15;15;1097.22156714646;35.3333333333333;11.0433489284526;71562;0.92585008729162;18.8059345631662;12.8610264662726;24.887451445619;14.2070106761153;TRUE;0.820142659582342;0.95782017078662;1.36436438665349;3.35364716567311;"D20181005";"H2B TSA";"yes"
"20181005_R01_001-Scene-01-P14-A01_seg_0_cid_7";"20181005_R01_001.czi";0;7;"TSA";"hiPS";"H2B";"ZSD";"no";538312;0.485301626081428;0.874224786406368;-0.0146066613386551;0.87427160591493;-0.484973075238627;0.0212196933182093;-0.0114669443903434;0.0230681409378777;0.999668129961148;145.830525368014;117.803362734032;51.0123922490576;167.321710778743;734.186338822937;1141.57022241715;0.989200071932408;0.973684338011587;0;50;61.4618418315029;68.5417155850139;24.193841118162;885.778202975226;938;476825036;965;1870;233.995696655509;6.42793357426371;0.000532621323235075;186.72809598711;0.824911759124257;548.619650799185;0.129718610669562;200.343171488319;2007.75050720963;7.36423794929319;11.6334016609903;0.000209213708421941;4.56851434212459;-0.182520681570323;0.943213421600717;117966;772.218562975773;965.872521246459;91877;979.133330430902;977.332820906995;187943;997.092889865544;997.774478614351;12;12;1490.63567330817;16.8333333333333;5.58022301426107;49136;0.974332164009684;12.0673919750462;5.00606380242266;12.7366392977839;14.8006297000267;TRUE;0.788675596035456;0.988273902794035;1.68285431759474;2.31478215334125;"D20181005";"H2B TSA";"no"
"20181005_R01_001-Scene-01-P14-A01_seg_0_cid_8";"20181005_R01_001.czi";0;8;"TSA";"hiPS";"H2B";"ZSD";"no";814540;0.91289982629279;0.408027245526854;-0.011299294772807;0.407947430980164;-0.912963507433264;-0.00874800844977946;0.0138852695789134;-0.00337653711975731;0.999897893930075;168.916393589091;130.325107285656;56.3641328329473;211.599743791685;915.551460300179;1666.8937970297;0.991910071437577;0.972925902978436;0;55;82.7784896997078;69.1797517617305;26.8740196920962;946.82042011442;994;771223105;1038;2245;233.451602231213;6.42913859979532;0.000751730597784488;125.975173140216;0.832107837391674;382.820661687679;0.150515874603307;171.042873103153;1405.3074736105;7.10649657067798;11.1541026480106;0.00024989308748607;4.31672451103789;-0.18446615324471;0.938662095836217;151999;817.228646241094;1028.8758934373;127232;1022.6201584507;1029.56036745407;350340;1043.05343095279;1040.38869487533;17;17;1529.1752627637;77.5294117647059;161.746031007604;65532;0.961447108835635;14.787191051791;6.92261791648983;18.9370082494407;14.1206011940908;TRUE;0.799151707980425;0.999335178355336;1.61506367023527;4.96773371213874;"D20181005";"H2B TSA";"no"
"20181005_R01_001-Scene-01-P14-A01_seg_0_cid_9";"20181005_R01_001.czi";0;9;"TSA";"hiPS";"H2B";"ZSD";"no";736304;0.342791379139708;0.938909869045193;-0.0306973646594466;0.936013439651913;-0.344145890283432;-0.0737729421401831;0.0798305153339982;0.00344441730371047;0.996802500403639;192.195625709582;127.744117524836;51.8481012511337;145.998758968427;836.028827841554;2265.12343139402;0.997920608058608;0.984633480592956;0;47;64.8466964731958;96.779930572155;22.4867310241422;862.918992698668;905;635370706;920;2339;215.516872194252;6.34828804996649;0.00106264784563153;104.592243257214;0.831628054022747;321.431400219296;0.175584460804496;150.838990365099;1181.13335761997;6.90378658314818;10.684806934762;0.000294538402169674;4.11655030059628;-0.20037172490541;0.945015279508749;142702;748.222968143404;876.70136239782;119913;938.490563992228;963.61229178633;300153;955.35727112506;964.566009581403;15;15;1559.27764707858;20.4;12.6216744795081;66228;0.885393145778327;19.1316091715765;14.3960528282183;14.0727811951035;23.2195801344794;TRUE;0.797262110937538;0.909807159861571;1.80698033102984;2.54823893662846;"D20181005";"H2B TSA";"no"
"20181005_R01_001-Scene-01-P14-A01_seg_0_cid_10";"20181005_R01_001.czi";0;10;"TSA";"hiPS";"H2B";"ZSD";"no";467234;0.266777226743301;0.957781736066347;0.107163694173392;0.958032296280239;-0.275650561557797;0.0786821911037223;-0.104900098070331;-0.0816756632700704;0.991123128301539;167.349631466716;103.048469754939;51.1188496239415;131.499124331672;536.891443908497;1542.68902951715;0.996360430758626;0.969541563552718;0;50;50.5754247336452;89.1849266106491;23.1638343956133;765.132372644114;814;357495859;830;1438;202.872689022099;6.26506509013593;0.000468617217565764;282.435151172764;0.794408728846218;717.744269917697;0.122329933229817;248.510245499943;2588.54192849802;7.48214034871861;11.8362059999847;0.000192732831953666;4.72605736255963;-0.181421446557972;0.943943128056484;108982;676.374593969646;763.770425388251;84268;852.39350643186;846.303822937626;143767;869.218986276406;873.892690739662;13;13;1114.49505901547;42.5384615384615;22.9736149146912;48374;0.898600602358865;15.6188582801666;11.8564816480034;10.6052723107473;20.0989509924757;TRUE;0.793500406638439;0.902477815516783;1.45660424112503;3.67972999698908;"D20181005";"H2B TSA";"no"
"20181005_R01_001-Scene-01-P14-A01_seg_0_cid_11";"20181005_R01_001.czi";0;11;"TSA";"hiPS";"H2B";"ZSD";"no";503881;0.918812633495511;0.394451136914891;-0.0138435947497212;0.394150881198991;-0.918823127768794;-0.0202272768119954;0.0206984873626863;-0.0131286124065078;0.999699560946776;186.008798485767;100.828331251399;45.8093093569459;134.57577011922;476.74572467542;2128.42114790814;0.997999109480796;0.959332068183098;0;44;78.3067232144098;65.8278958722397;20.9398568312756;783.435201962368;819;394758113;818;1510;186.914508604569;6.23715782629693;0.000535463925693312;238.395812382147;0.796046052028627;608.924793985354;0.130510576733906;239.652697953766;2197.30336355927;7.40269905095621;11.6641869100202;0.000208752802984768;4.61018283967965;-0.184905421713972;0.944722164066864;103941;698.131574643307;810.030959752322;82220;841.184845536366;836.282407407407;192626;871.71278539761;875.610946218687;13;13;1150.36444306426;39.3846153846154;19.2575198560437;51064;0.89068699467959;19.4969760200816;18.498861408298;20.6264837554399;8.7973351997262;TRUE;0.829938364139402;0.968609350833448;1.46835939996416;3.54069377953944;"D20181005";"H2B TSA";"no"
"20181005_R01_001-Scene-01-P14-A01_seg_0_cid_12";"20181005_R01_001.czi";0;12;"TSA";"hiPS";"H2B";"ZSD";"no";493132;0.990621379601845;0.136339875094323;0.00898447188214464;0.136571887408145;-0.986009149992255;-0.0955723584585428;0.00417155193106482;-0.0959030478703137;0.995381938535993;148.674726884839;93.5720424292262;54.738176700785;180.608105181617;487.196427265028;1338.06833886663;0.990848767003854;0.928749067280186;0;52;73.4738710933381;51.2083620612737;25.1933964942449;811.175435785956;853;400016565;879;1714;196.030332389663;6.20208374635606;0.000653337394577854;188.548251804462;0.793582620322029;473.922945652204;0.135484752606569;197.791915003442;1707.14353080435;7.18157234261406;11.3771767151892;0.000219284180604168;4.51971588896808;-0.1706963761473;0.929017859836474;106728;732.80774492167;873.254643962848;83219;881.307237529891;893.363921568627;175734;895.337703574721;898.570474467789;8;8;1334.92154898819;80.375;166.22946301724;46244;0.974956542684893;12.8981129138512;10.8501090436967;17.1130137223202;7.30136937959352;TRUE;0.831500881549059;0.97749038536225;1.64566318221257;5.05807840014587;"D20181005";"H2B TSA";"no"
"20181005_R01_001-Scene-01-P14-A01_seg_0_cid_13";"20181005_R01_001.czi";0;13;"TSA";"hiPS";"H2B";"ZSD";"no";171260;0.424969658794139;-0.856818152176807;-0.291999046581861;-0.899924113525701;-0.434705947684365;-0.0341661959079435;0.0976595054225446;-0.277296579762824;0.955808154313649;97.8231801367542;72.9798161666696;59.0936388998291;164.59249262976;287.966719522003;393.814528899798;0.908472706013694;0.820554871127077;0;55;45.6791253065514;44.4248569426603;25.5103760364358;1042.45981548523;1113;178531668;1185;2994;298.980391591053;6.73140261506589;0.00110818641554826;143.754758851711;0.817300399724889;401.658042461622;0.189354715042522;164.608683456574;1462.87741099478;7.02074314749035;10.742099629686;0.000310837549901291;4.15035679268422;-0.225987017200266;0.96175168496394;52968;978.881985349645;1042.12747252747;29375;1182.23734468085;1144.51233671988;30344;1231.22244924862;1211.28125;5;5;2272.21273911274;22.8;15.6894869259642;27214;0.817036963694143;7.02663908594518;4.67115275725127;6.28000236580366;6.38320419784028;TRUE;0.827991088044929;0.910542804207911;2.17966458309485;2.69396833778544;"D20181005";"H2B TSA";"yes"
"20181005_R01_001-Scene-02-P15-A01_seg_0_cid_1";"20181005_R01_001.czi";1;1;"TSA";"hiPS";"H2B";"ZSD";"no";603424;0.792645590254464;0.60517844215353;0.0739731127016987;0.602264107584842;-0.796085893393245;0.0593733530745366;-0.0948204248312905;0.00251067578659127;0.995491227255122;160.976092098796;122.681498813945;54.2888668729183;148.94769068455;815.442458872629;1492.80089374804;0.995009790896035;0.983176375492643;0;52;73.8766737816196;71.4442713581164;23.7629593784801;812.543137163918;860;490308030;878;1690;209.40570196762;6.29614888248284;0.000598527574486099;223.251995989435;0.791462524298566;561.432132260024;0.135286570535743;218.624643169877;2022.47653305066;7.2928939972255;11.5116278700503;0.000215691353987423;4.57247506089549;-0.180355804200548;0.938997796080858;139481;732.667137459582;875.829252150893;107585;902.557438304596;892.059447983015;190800;899.713176100629;889.041052212037;12;12;1315.20333794762;19.6666666666667;11.4697670227235;56848;0.910421984567341;14.8568114507729;7.35041647639969;17.5794035960122;15.1911008213432;TRUE;0.811767879101253;0.981805925749883;1.618625864638;2.50201807113402;"D20181005";"H2B TSA";"no"
"20181005_R01_001-Scene-02-P15-A01_seg_0_cid_2";"20181005_R01_001.czi";1;2;"TSA";"hiPS";"H2B";"ZSD";"no";907672;0.888891584190473;0.456675108224751;0.0363262588668804;0.44863864654069;-0.88380535868064;0.132708148949197;-0.0927098505310501;0.101665793142513;0.990489247856439;186.31999954447;131.495733327818;72.3316885139024;250.857379579276;887.843475766064;1869.05989461492;0.990952126750584;0.959253499419939;0;63;82.8561771212509;74.3902114420187;30.001268079218;1213.25310795089;1258;1101235875;1262;2768;307.025552274427;6.90347276825935;0.00054922318480916;128.124973443345;0.886001712993422;572.163977774018;0.149030663250343;190.064010160372;2160.53093765272;7.5051057350191;11.5865970506156;0.000245975301983413;4.3380471571767;-0.224525865907819;0.968598610858583;156904;1002.2293950441;1147.5988372093;132441;1290.22460567347;1278.01812688822;426330;1358.46469636197;1380.91415371693;31;29;2017.2073710933;24.551724137931;7.69498809972664;73168;0.924542053848953;15.8282212587861;11.8660874611397;18.0784546550653;13.2871184102102;TRUE;0.776786763046548;0.897951924988367;1.66264348129323;2.79554225794579;"D20181005";"H2B TSA";"yes"
"20181005_R01_001-Scene-02-P15-A01_seg_0_cid_3";"20181005_R01_001.czi";1;3;"TSA";"hiPS";"H2B";"ZSD";"no";644412;-0.0243756815746135;-0.999595339078885;0.0146623408616169;0.9968102772899;-0.0231876241477244;0.0763649472966224;-0.0759940605376838;0.0164770196987516;0.996972121267612;160.354774499123;133.301340015822;50.5962540367663;149.238939925827;922.906728144504;1473.60346441504;0.994858486854402;0.986839087813286;0;47;67.2381256090824;77.7467520778632;22.1734278691272;1044.7245613055;1092;673233044;1108;2391;264.464526588865;6.65208469953901;0.000594843433760483;140.188902114954;0.860008708936703;511.183068635057;0.143972680214249;180.321237346826;1904.54337242527;7.35195231331912;11.459068447248;0.000237033110708654;4.38614366820465;-0.204129093714268;0.956652938053035;115933;879.036038056464;1071.81042345277;94585;1136.66495744568;1152.10047522064;293744;1155.04481453238;1168.66170440364;13;13;1807.04656162912;68.4615384615385;132.218708896466;57610;0.929983450668131;14.8393787247724;5.60972756779556;15.312992702007;20.1680175691696;TRUE;0.773346650917994;0.930309852747441;1.72968706638908;4.66818856899114;"D20181005";"H2B TSA";"no"
"20181005_R01_001-Scene-02-P15-A01_seg_0_cid_4";"20181005_R01_001.czi";1;4;"TSA";"hiPS";"H2B";"ZSD";"no";636539;0.484836158590643;0.874397899150577;-0.0190319017474861;0.874302928656961;-0.483982078215694;0.036820332805104;-0.0229845222906629;0.0344914761509943;0.999140655667657;142.886655648809;126.643199388762;57.0795830875024;198.130227553774;864.87256404617;1138.6422735099;0.984744648099207;0.973406178323252;0;55;64.3649517154487;67.9158386210429;26.5414782126468;1076.25255326068;1137;685076724;1174;2772;277.79790497716;6.60757861381877;0.00091317685937848;115.537036790905;0.842546014059276;375.759653781222;0.164555002632078;160.119260321963;1387.50157833398;7.02584849989348;10.94076932527;0.00027258181590909;4.22297976392665;-0.196183756693288;0.945370932996726;129994;934.685670107851;1192.84604519774;104426;1190.03247275583;1223.25375375375;245334;1192.07256230282;1188.18622635594;22;15;1940.32721001221;16.0666666666667;8.37031792838374;55272;0.968753065819751;11.8416984634554;3.82343311638427;13.6772447150972;15.4883004344121;TRUE;0.785428710145485;0.975141945436339;1.80285491926005;2.26145502675149;"D20181005";"H2B TSA";"no"
"20181005_R01_001-Scene-02-P15-A01_seg_0_cid_5";"20181005_R01_001.czi";1;5;"TSA";"hiPS";"H2B";"ZSD";"no";739098;-0.107954723691886;0.993947142435288;0.0203680062189023;-0.992489721378663;-0.106565553144207;-0.0600660956012025;-0.0575319962308981;-0.0266994555711157;0.997986577305473;146.531960894179;131.257241479612;64.0091595057293;244.9575241469;881.864706020765;1228.74379652945;0.979927120072164;0.9606469639657;0;60;64.0701341364745;69.2790996593145;29.4312621600924;1100.43690011338;1148;813330712;1174;2780;255.884921066045;6.58876694319153;0.000903164972177527;100.228700475451;0.843523141428893;325.485629584192;0.16583703029328;156.508303165193;1201.71381786132;6.99559589804996;10.9114436841742;0.000279405345818482;4.15861287466358;-0.191858708313543;0.942254831113581;130792;962.298970885069;1143.44629244629;106903;1179.9897196524;1180.38150289017;343463;1194.33963192542;1191.95757697322;14;14;1892.62389163491;21.7142857142857;14.3896221107365;59654;0.98875497462298;11.691807515222;4.30762575511508;12.4936535920899;15.5841384254893;TRUE;0.815514707338761;0.968709090786797;1.71988406735534;2.62904389736585;"D20181005";"H2B TSA";"no"
"20181005_R01_001-Scene-02-P15-A01_seg_0_cid_6";"20181005_R01_001.czi";1;6;"TSA";"hiPS";"H2B";"ZSD";"no";536575;0.623284846413266;0.777089323743174;-0.0874538915999067;0.780777445891995;-0.612172665638933;0.125024827258009;-0.0436185765238201;0.146208106372044;0.988291763303295;135.768832014887;112.080789051828;62.0641507901098;205.012499627653;688.619842931173;1024.29517343249;0.979765302296926;0.954654776092812;0;60;67.3276466477193;63.1312304896799;28.6524810138378;918.179808973582;952;492672331;954;2266;223.072817610253;6.47389650357745;0.000869635231669202;137.661788339578;0.826625395709747;407.832660944368;0.162519572993263;182.267173300812;1493.66885543789;7.10013206726518;11.0482415672385;0.000268099144386896;4.2702874834499;-0.197277256599122;0.947378084079399;106961;823.53469021419;927.484202792065;83439;986.945481129927;967.456780333069;217785;1009.14404114149;1004.51711279798;10;8;1524.02670971485;17.375;5.87233982327317;51106;0.933675555245021;10.9115124236702;5.35544517148995;11.1679734834366;13.2472702056484;TRUE;0.834427742929982;0.958682828676602;1.6598347021141;2.35173005943356;"D20181005";"H2B TSA";"no"
"20181005_R01_001-Scene-02-P15-A01_seg_0_cid_7";"20181005_R01_001.czi";1;7;"TSA";"hiPS";"H2B";"ZSD";"no";474388;0.468314768131465;0.87542992435479;0.119598183490133;0.863573618751941;-0.482136455316246;0.147597572645229;-0.186873976105958;-0.0341597131026158;0.981789810017957;142.164522931191;110.447354345012;55.4026092846927;152.861375661515;651.728088829054;1108.22557902684;0.990441499447144;0.972104592843554;0;55;63.6144126748569;63.0660788215554;25.5480598160156;960.155916675801;1010;455486445;1026;2267;259.761490432861;6.60893935863957;0.000650417261384781;155.760462508517;0.840714089342894;503.543818898346;0.150208422542744;189.664564334971;1858.41481308487;7.32856591696246;11.3684432031947;0.000244435847934809;4.38577758257039;-0.210032238219943;0.958821808044033;108310;834.556606038224;977.912980420595;82143;1064.60360590677;1057.02022653722;155173;1099.28001649772;1102.53465346535;9;7;1653.55676884973;21.1428571428571;10.8157104175701;46942;0.937648408081981;12.1036674843322;6.83167322415716;10.9256475407042;13.9700135649016;TRUE;0.783912999550094;0.925160139673224;1.72217526354947;2.59422058636944;"D20181005";"H2B TSA";"no"
"20181005_R01_001-Scene-02-P15-A01_seg_0_cid_8";"20181005_R01_001.czi";1;8;"TSA";"hiPS";"H2B";"ZSD";"no";501682;0.905860926447589;-0.421140847846815;0.0453471962791746;-0.422821892649963;-0.892670631012834;0.156079440103595;0.0252513174194907;0.160560053568794;0.98670301518064;147.334022958973;106.056392450422;57.6861751804298;167.237579860128;584.337252722501;1232.64009546164;0.99075349346515;0.95816976947832;0;52;70.8413556794942;54.417840384945;23.8414433844547;961.215815994993;999;482224673;1002;2190;225.183333463;6.49972204963708;0.000684081597717117;151.027581715217;0.826449880852257;446.73771304263;0.146283059152334;186.82176785903;1635.9232704553;7.23156726432225;11.3304230282212;0.000240112702250412;4.39172232770555;-0.190363210630815;0.945613830211128;91395;854.107653591553;1008.3283045977;73632;1016.04498044329;1024.84504792332;226124;1052.29324176116;1057.34425159859;5;5;1798.67321080479;25.4;10.8;47576;0.953324483273885;12.5059457064331;8.20428732263342;15.2800653187486;10.3355036232316;TRUE;0.84061992336099;0.983883667722169;1.87124803907113;2.84342594576829;"D20181005";"H2B TSA";"no"
"20181005_R01_001-Scene-02-P15-A01_seg_0_cid_9";"20181005_R01_001.czi";1;9;"TSA";"hiPS";"H2B";"ZSD";"no";602490;0.87198210165744;-0.450391249699667;0.19182006303577;-0.468849127767106;-0.881057314855431;0.0625979499006259;-0.140810900789315;0.144518961156347;0.979431753663925;135.557395670677;117.334436929883;71.0791039072481;241.585130447083;699.168418659497;1029.13292328455;0.97205667618119;0.93840693164434;0;68;65.8191057112981;61.2693671264253;32.5794453019967;1033.84978339889;1081;622884156;1108;2269;240.602615345663;6.48554418828438;0.000776515118915374;157.393343731738;0.816099815677459;438.850501607603;0.148005071457725;199.734570177387;1598.00866269867;7.13101176939152;11.2269592517399;0.000243186517470999;4.38432559965258;-0.180826781426193;0.936798699294244;116749;919.033978877763;1057.2336382829;92233;1115.74201207811;1118.30406504065;253040;1133.51110496364;1132.50979872881;12;12;1683.66328490216;20.5;6.25166644450368;53022;0.973523867994024;9.86496953355462;3.80929294271706;12.0825988575068;10.1180051568008;TRUE;0.823697565323396;0.945390141494719;1.62853763857931;2.55447698497515;"D20181005";"H2B TSA";"no"
"20181005_R01_001-Scene-02-P15-A01_seg_0_cid_10";"20181005_R01_001.czi";1;10;"TSA";"hiPS";"H2B";"ZSD";"no";513070;0.997494812002531;-0.0705170938744467;-0.00560709368020729;-0.0679004194405086;-0.976677289982941;0.203693407530488;0.0198401882006986;0.20280239323805;0.979018670010475;173.89198110298;91.4734184920109;57.0095741819701;158.778443107822;433.771227057451;1853.06607382572;0.996322348268704;0.930598371559043;0;50;85.3726236186096;44.7581830939248;24.226212797474;912.988202389537;959;468426857;977;2135;220.426167678631;6.38753630952071;0.000745808590453285;150.896669288244;0.795509646757644;378.388257941545;0.146850297590503;174.01389380382;1362.65636247793;7.07924865453198;11.191546050924;0.000241089054970079;4.3918285558282;-0.171881999710289;0.927339388733349;102776;823.706507355803;981.734547820429;83090;983.298736310025;1001.72118702553;202817;1000.5489677887;1003.8411858126;13;10;1525.25494278307;21.7;12.1165176515367;49400;0.932975539036448;16.8677782341734;15.7769297262879;21.5283177974158;6.98711883693378;TRUE;0.837697107642876;0.980047702430601;1.67061845792866;2.62817893800789;"D20181005";"H2B TSA";"no"
"20181005_R01_001-Scene-02-P15-A01_seg_0_cid_11";"20181005_R01_001.czi";1;11;"TSA";"hiPS";"H2B";"ZSD";"no";650685;0.9020145368158;-0.423520646399411;0.08366622643817;-0.427386473360606;-0.903405223192902;0.0346382028426313;-0.0609145119110578;0.067001975950027;0.995891639415368;150.955450988296;115.509264043014;60.3810128342986;212.78182327147;731.098783801411;1306.793350657;0.986654561102919;0.956709706569841;0;58;72.2264413656378;64.186890738222;28.2627185197138;974.566499919316;1026;634135803;1059;2286;242.21850511113;6.42664479590601;0.000872407092069273;140.347308226572;0.826756118359449;417.678981560305;0.153579151155203;180.226188116805;1530.36861801465;7.03467255664112;11.0503364929616;0.000253024566370207;4.32629582777036;-0.182372690220143;0.935845182413474;129683;860.2519913944;1055.63246143528;102767;1064.46351455234;1068.07037037037;263061;1069.47218705928;1067.28025477707;13;13;1698.670358671;60.7692307692308;130.255461333107;55632;0.976573737615468;12.2650932503047;6.71698859328739;15.5306205185642;11.1174686285612;TRUE;0.80815545073537;0.988354785152612;1.74300097408605;4.39811856702731;"D20181005";"H2B TSA";"no"
"20181005_R01_001-Scene-02-P15-A01_seg_0_cid_12";"20181005_R01_001.czi";1;12;"TSA";"hiPS";"H2B";"ZSD";"no";464783;0.276796487740385;0.956110123266777;-0.0961100232097359;0.944247378085231;-0.252072313468071;0.211793384604008;-0.178271123162878;0.149375302408542;0.972577208079956;156.243713585056;90.931067916227;59.4532092875499;166.608345154024;439.818426824935;1442.04647839492;0.993303288312638;0.925473787731309;0;55;46.9382830267028;77.0626442877644;28.1441769600007;777.881329566701;814;361546018;822;1899;187.183729235209;6.09874544569544;0.00111916738687523;149.993471974162;0.779423911080371;350.464566049798;0.163244476453824;177.714622837529;1251.86479222503;6.82540244757218;10.7406077061637;0.000269111416862364;4.27855941045589;-0.169509640018956;0.916930691162881;99478;721.072448179497;837.448847262248;76932;839.269146778974;845.460869565217;169333;846.417721294727;854.137127872898;10;10;1303.98351980454;27.3;11.2876038201205;46262;0.935765917487477;14.0521559101274;13.2003136722802;7.55263559346065;16.8694023807246;TRUE;0.859167110988051;0.990523485365928;1.67632705689297;2.94785683044776;"D20181005";"H2B TSA";"no"
"20181005_R01_001-Scene-02-P15-A01_seg_0_cid_13";"20181005_R01_001.czi";1;13;"TSA";"hiPS";"H2B";"ZSD";"no";112349;-0.0993614366636943;0.993743738361593;-0.0509969349201791;-0.985778919706248;-0.105286477480276;-0.130975872291721;-0.135525740606382;0.0372577525747583;0.990073044530639;78.8300346005989;77.86082759132;43.4488095479998;77.3726507042229;289.860899860811;351.852032105899;0.975522169896835;0.963715843213246;0;41;44.2414262699267;38.7885695466804;22.2502202956858;1252.50617272962;1351;140717816;1392;2197;402.530115229633;7.18362612640662;0.000232686938483006;659.750478697827;0.78215250687601;1558.78861962932;0.105729929823514;288.879093765843;5575.40399981945;8.14009439493433;12.8302242819147;0.000154385617575899;5.15516791890138;-0.212249053334025;0.970450461220251;40167;1216.41994672243;1302.88540540541;17937;1478.73055694932;1552.74350649351;10589;1521.14675606762;1545.80392156863;7;7;1849.99428042088;37.5714285714286;9.45450977587103;21942;0.764284637297093;7.60797669746302;3.49755448856527;8.6968746540513;9.9015843015403;TRUE;0.822610948969604;0.839086043481615;1.47703406234649;3.4582303498081;"D20181005";"H2B TSA";"yes"
"20181005_R01_001-Scene-02-P15-A01_seg_0_cid_14";"20181005_R01_001.czi";1;14;"TSA";"hiPS";"H2B";"ZSD";"no";120482;-0.0828541327452378;0.993372130926888;-0.0796680750665404;-0.996516442269086;-0.0833469566989047;-0.00287490806694897;-0.00949594515554004;0.0791523487131259;0.996817301574766;86.9842379737837;76.9982842431672;40.4611253056263;76.3767214057984;306.843945150439;366.886965421818;0.978091579712596;0.968526455758457;0;41;39.9591391245165;47.8400424959745;20.783801729719;1140.20676947594;1247;137374392;1376;2065;370.157707536559;7.06054029191693;0.000274186897657772;575.879709942805;0.794978085959386;1459.75982357123;0.11095101409484;279.700111769815;5263.15958434213;8.04298019298574;12.6370377813105;0.000162528439433978;5.0731374698983;-0.213509522832863;0.969443985803462;44239;1094.50828454531;1063.71734475375;19953;1384.75933443592;1390.33919022154;8536;1443.04358013121;1446.65451895044;4;4;1758.61697916667;31.5;8.38152730712011;22040;0.800975367942178;7.44489597763882;2.84253709114949;8.08387483716119;10.1563618561365;TRUE;0.790396032962041;0.765077581237029;1.54236672351539;3.16650618423356;"D20181005";"H2B TSA";"yes"
"20181005_R01_001-Scene-03-P13-A01_seg_0_cid_1";"20181005_R01_001.czi";2;1;"TSA";"hiPS";"H2B";"ZSD";"no";483371;0.899595933089679;-0.434593490504579;-0.0430773162993639;-0.436623551881231;-0.897111757568711;-0.0674564183350722;0.00932904663548953;-0.0794920904431665;0.996791842084318;133.252937089334;104.575652423065;58.572697165212;198.296966677905;578.170444830687;981.023630916561;0.979358140260344;0.939345189579647;0;55;63.0207356254306;54.9189835550747;25.142658537645;992.179754267426;1029;479590920;1074;2970;255.415411321647;6.59234853546788;0.00113153673320679;83.0795329768729;0.866042289585677;314.386008188568;0.185852675824475;133.389636498797;1174.4644997774;6.89844963617879;10.6203966533302;0.000314685458386853;4.01832318023519;-0.208714546943903;0.950208270077425;91373;872.364834250818;1037.14476789929;72742;1069.47513128591;1080.78103448276;209160;1088.79552017594;1111.93780469789;12;10;1791.89682539683;17.6;13.6176356244394;44846;0.989199003335139;10.0828805859668;5.26296642466505;12.5194537861943;9.90348585520235;TRUE;0.815694361403154;0.959625247676233;1.80602034831871;2.36690810908128;"D20181005";"H2B TSA";"no"
"20181005_R01_001-Scene-03-P13-A01_seg_0_cid_2";"20181005_R01_001.czi";2;2;"TSA";"hiPS";"H2B";"ZSD";"no";575730;-0.00888265425407702;0.999256547824787;-0.0375159976901994;0.998591706760474;0.0108266388962123;0.051936375301082;-0.052303935249715;0.037001831299269;0.997945470873982;142.61214564014;111.969020067604;62.3694892094647;215.378853623864;648.313548010307;1164.92080937412;0.982759763528349;0.943204029469017;0;60;54.7066767408334;68.2042606777483;28.8668646761503;954.209124068574;998;549366819;1011;2289;235.744961608632;6.49172877699967;0.000788851906505323;135.323932640551;0.828199000131883;404.582336397678;0.156621109514653;176.432529864508;1483.00541295016;7.12587375039997;11.1355889401018;0.000258283375206927;4.301099585101;-0.192201260033474;0.944929989358263;122902;861.37525833591;1060.3376344086;93357;1035.24770504622;1040.39221789883;213940;1051.0358979153;1044.78722867239;15;15;1536.91931243664;53.9333333333333;125.163608484611;51692;0.970698129132627;11.2815031402569;7.18830484501714;8.93748287578562;15.6403885481133;TRUE;0.832047493693746;1.0191710550758;1.61067346105799;4.1433697873646;"D20181005";"H2B TSA";"no"
"20181005_R01_001-Scene-03-P13-A01_seg_0_cid_3";"20181005_R01_001.czi";2;3;"TSA";"hiPS";"H2B";"ZSD";"no";730668;0.543806898802691;-0.839188784398004;-0.00602004611278451;-0.838923390053456;-0.543419357720829;-0.0300490811090378;-0.0219454422561113;-0.0213912551029917;0.999530295573527;146.736812477395;130.839285001708;61.2330154550506;234.380296614523;912.198011779339;1201.92128958833;0.980802308438674;0.96642731637291;0;60;65.6699472263737;71.81243054301;29.734295192892;1038.05781285071;1093;758475626;1137;2021;247.268454728574;6.51512596473386;0.000494222215820624;187.05574208206;0.834702716366316;582.951429645288;0.128052581618657;217.896039094485;2144.7499764991;7.43017325843212;11.7122389519134;0.00020917496507046;4.5488515580472;-0.187162677162745;0.94797561134237;141581;890.369971959514;1060.53614035088;114341;1129.81089897762;1139.39655172414;304648;1153.49140647567;1142.07250315442;12;12;1505.97236317249;39.25;26.9633238554399;59394;0.989198616434492;11.699573461609;3.29767617878338;13.5250930476996;14.7662827175968;TRUE;0.788069908659247;0.930787563597653;1.45075962487753;3.53463760981431;"D20181005";"H2B TSA";"no"
"20181005_R01_001-Scene-03-P13-A01_seg_0_cid_4";"20181005_R01_001.czi";2;4;"TSA";"hiPS";"H2B";"ZSD";"no";528342;0.231229360546408;-0.972815879265057;-0.012737655634116;-0.969241676306431;-0.229206110190908;-0.089638897593914;-0.0842825944783269;-0.0330730116697504;0.995892875849152;156.233535780319;104.903021637136;55.4335513314213;175.283404616994;547.286492938933;1400.42028905207;0.992135957759721;0.947323858483024;0;52;53.3858163840845;76.7645464490803;24.3189638529589;985.088794757941;1039;520463784;1070;2223;254.843613887741;6.54752984081628;0.000618242125492939;163.867352664861;0.830329676178525;497.034822872585;0.139982844813788;185.107681845256;1824.27193882548;7.28381373076485;11.4507610671805;0.000226787332463511;4.46858454746904;-0.187907205750277;0.945190738225591;114730;869.416926697464;1074.75382475661;89111;1081.78402217459;1086.76359516616;187679;1099.71075080323;1095.17010309278;10;8;1629.47577615877;32;20.7545175805173;48880;0.966904578781217;13.4023739642935;9.99432888445589;9.42639784439313;17.3448588334035;TRUE;0.803688082718924;0.988949049763007;1.65414101229237;3.19153824321146;"D20181005";"H2B TSA";"no"
"20181005_R01_001-Scene-03-P13-A01_seg_0_cid_5";"20181005_R01_001.czi";2;5;"TSA";"hiPS";"H2B";"ZSD";"no";449103;0.561752818105798;0.826549221803992;-0.035357535058448;0.826254273066979;-0.558373221321043;0.0743183823163494;-0.0416851003207529;0.0709628751304316;0.996607557047643;127.096408795632;105.161589181244;54.8305379642581;178.333069665549;591.660012446854;905.628084477954;0.980420272506132;0.953494190342503;0;52;57.9250149742932;60.5438307025337;24.926644889925;1042.2118289123;1093;468060459;1101;2735;266.719333140354;6.59743050120266;0.000959610928243869;111.339257589188;0.852459021459062;386.775630028089;0.168307739729138;157.69653759562;1435.76326252317;7.02097683357501;10.8831883100783;0.00027963786252773;4.18951062828343;-0.202857274982163;0.949914028313518;90988;908.121763309447;1111.10151878497;71758;1134.58836645391;1155.02408563782;177039;1160.6371082078;1165.82310685424;8;8;1982.38824494758;26;7.41619848709566;42962;0.984856379508441;9.79791677165116;4.36738848005316;10.6889085842205;12.3407293344899;TRUE;0.800397562816306;0.961972596589969;1.90209724161017;2.8768136958758;"D20181005";"H2B TSA";"no"
"20181005_R01_001-Scene-03-P13-A01_seg_0_cid_6";"20181005_R01_001.czi";2;6;"TSA";"hiPS";"H2B";"ZSD";"no";470777;-0.539186935144196;0.833387318040563;-0.121420867642123;0.84218611049945;0.533564904780246;-0.0776598201688378;-6.52044317838953e-05;0.144132128673673;0.989558449629115;131.181355177648;103.942496005725;63.4875852470011;209.379085342465;566.005868012798;894.291707628978;0.972205684509748;0.929062067306815;0;58;55.130936728005;59.4377189199982;28.3976936001546;831.293291728355;870;391353762;879;1846;203.481027303773;6.25983838665375;0.000767987669719498;172.357959931894;0.797271735785249;438.873828129808;0.147828137671584;196.9815089003;1583.13735258734;7.11235619732866;11.2082866283378;0.00024128699040059;4.41447502104585;-0.177213570794593;0.932656334656426;95451;757.554755843312;882.789777411377;73009;896.722965661768;897.878228782288;189033;906.16293451408;901.90901848311;10;8;1321.85793898594;85.5;157.129723477132;44628;0.980218669501992;9.18036326625775;4.93209622341747;9.54420688326323;11.089883413359;TRUE;0.844803562362483;0.983195436878591;1.59012222537925;5.21684725372654;"D20181005";"H2B TSA";"no"
