"cell_id";"czi";"series_id";"cell_seg_id";"condition";"cell_type";"structure";"scope";"minipipeline";"dna_volume";"dna_shape_1st_axis_x";"dna_shape_1st_axis_y";"dna_shape_1st_axis_z";"dna_shape_2nd_axis_x";"dna_shape_2nd_axis_y";"dna_shape_2nd_axis_z";"dna_shape_3rd_axis_x";"dna_shape_3rd_axis_y";"dna_shape_3rd_axis_z";"dna_shape_1st_axis_length";"dna_shape_2nd_axis_length";"dna_shape_3rd_axis_length";"dna_shape_1st_eigenvalue";"dna_shape_2nd_eigenvalue";"dna_shape_3rd_eigenvalue";"dna_shape_meridional_eccentricity";"dna_shape_equator_eccentricity";"dna_position_lowest_z";"dna_position_highest_z";"dna_position_x_centroid";"dna_position_y_centroid";"dna_position_z_centroid";"dna_intensity_mean";"dna_intensity_median";"dna_intensity_sum";"dna_intensity_mode";"dna_intensity_max";"dna_intensity_std";"dna_intensity_entropy";"dna_texture_haralick_ang2nd_moment";"dna_texture_haralick_contrast";"dna_texture_haralick_corr";"dna_texture_haralick_variance";"dna_texture_haralick_inv_diff_moment";"dna_texture_haralick_sum_mean";"dna_texture_haralick_sum_var";"dna_texture_haralick_sum_entropy";"dna_texture_haralick_entropy";"dna_texture_haralick_diff_var";"dna_texture_haralick_diff_entropy";"dna_texture_haralick_info_corr1";"dna_texture_haralick_info_corr2";"dna_io_intensity_outer_volume";"dna_io_intensity_outer_mean";"dna_io_intensity_outer_slice_mean";"dna_io_intensity_mid_volume";"dna_io_intensity_mid_mean";"dna_io_intensity_mid_slice_mean";"dna_io_intensity_inner_volume";"dna_io_intensity_inner_mean";"dna_io_intensity_inner_slice_mean";"dna_bright_spots_number";"dna_bright_spots_number_used";"dna_bright_spots_intensity_mean";"dna_bright_spots_xy_cross_sec_area_mean";"dna_bright_spots_xy_cross_sec_area_std";"dna_surface_area";"dna_roundness_sphericity";"dna_roundness_roughness";"dna_roundness_roughness_xy";"dna_roundness_roughness_xz";"dna_roundness_roughness_yz";"dna_io_intensity_ratio";"dna_io_intensity_ratio_slice";"dna_bright_spots_intensity_mean_norm";"dna_bright_spots_xy_rad";"date";"group";"outlier"
"20181107_R04-Scene-01-P51-B04_seg_0_cid_1";"20181107_R04.czi";0;1;"TSA-50um";"cardiomyocyte";"H2B";"ZSD";"no";511749;0.447064399296931;-0.894263507615937;0.0206446561539743;-0.890596374314673;-0.447148264542306;-0.0830453344527072;-0.0834956342501388;-0.0187405566418096;0.996331907848947;176.370969200996;113.970874076071;41.576063186334;95.210439086248;780.87225249538;1819.16962081788;0.998629463958974;0.992538908887134;0;41;71.5012281411395;85.2176281731865;17.3451379484865;586.274220369752;623;300025246;683;911;159.892247837995;6.10465210064491;0.00022754081832191;437.780049079707;0.833585277110733;1378.18942458735;0.0966506906609061;309.645919403264;5074.97764926969;8.00296050789072;12.6633767137254;0.000147163356664715;5.06945357150429;-0.198620338391333;0.963875248485018;124822;511.056584576437;643.816226183159;100251;666.728102462818;688.794684854186;136997;675.049125163325;697.854456562618;6;6;797.297067343994;122;88.0075754315123;54576;0.842921372051794;17.827126054473;11.196447775724;15.5639638387667;21.3226494116923;0.766514239745785;0.934699759362184;1.35993881300316;6.2316776324215;"D20181107";"H2B TSA-50um D20181107";"no"
"20181107_R04-Scene-05-P54-B04_seg_0_cid_2";"20181107_R04.czi";4;2;"TSA-50um";"cardiomyocyte";"H2B";"ZSD";"no";457600;0.161552792064091;0.871865572861002;0.462332259566702;-0.986839147111957;0.139393970108336;0.0819623012413698;0.00701377955465246;-0.46948881132269;0.88291056338633;120.814920915882;102.91750603143;73.7373023704624;238.296499065363;566.54142741452;744.1220521847;0.947336967281901;0.907238677064865;0;79;50.9715187937063;53.937423513986;42.2152950174825;539.565159527972;569;246905017;584;871;119.156785975856;5.61478607186076;0.000522706684868936;313.160011119395;0.771603201650419;711.641525085056;0.126095452578026;297.649611407258;2533.40608922083;7.33638562967121;11.6229692427271;0.000200893460822863;4.67686917517536;-0.174467644746963;0.934965732779703;93795;486.691294845141;499.062256809339;69700;584.610932568149;584.727696404794;183067;595.623755237154;594.690655969797;6;6;722.67001858754;42.5;14.9527032115713;45094;0.953902816045569;7.68710694991266;1.66324319914485;5.84782936882309;10.3136761358837;0.832504607307196;0.853495156596532;1.33935634246613;3.67806609005481;"D20181107";"H2B TSA-50um D20181107";"no"
"20181107_R04-Scene-13-P57-B04_seg_0_cid_1";"20181107_R04.czi";12;1;"TSA-50um";"cardiomyocyte";"H2B";"ZSD";"no";630315;0.312425241870065;0.944910525264483;0.0976451098971691;0.924495786727446;-0.278813270202172;-0.259943649051811;0.218398737555033;-0.171485450122071;0.96067410282093;141.505117321787;120.146420225285;81.3310142849569;257.9220455884;704.413249065394;1085.04323403797;0.971336978181881;0.930555209615883;0;74;61.3056836661035;67.1204873753599;31.9119884502193;590.029780347921;620;371904621;690;903;144.753877976172;6.02991320407165;0.000279964762493684;320.490685848815;0.8594273180538;1168.28142501313;0.112520165641924;315.790930719846;4352.63501420371;7.88545361772125;12.3644653372918;0.000176707908650427;4.8176541678691;-0.211069921330108;0.968909605553553;120921;494.04174626409;558.924078091106;96535;621.602009633812;660.876445086705;267487;680.935791272099;695.860707684183;1;1;775.643243243243;185;0;57204;0.928756152288625;10.3076636522303;5.79857310990297;9.00627096646851;12.2582060441077;0.794787884542284;0.845731576978473;1.3145832110133;7.67380798196054;"D20181107";"H2B TSA-50um D20181107";"no"
"20181107_R04-Scene-15-P56-B04_seg_0_cid_3";"20181107_R04.czi";14;3;"TSA-50um";"cardiomyocyte";"H2B";"ZSD";"no";436863;-0.294767873319968;-0.952784138535554;-0.0728991509791876;-0.903028727793232;0.252800760671083;0.347319582206732;0.312491628109555;-0.168208682175401;0.934908991080017;142.176914429809;95.0036421332997;63.3355586987872;181.420501300162;457.460747853334;1134.25423680826;0.987125612284052;0.917999487391518;0;60;49.7145512437538;67.8452787258248;27.8450978911009;626.070122670036;664;273506872;693;935;150.780698329408;5.98025515389913;0.000291575689706517;412.619042726303;0.805694129411144;1102.65061810982;0.100956623980715;322.967766798853;3997.98342971298;7.77122643059746;12.4219948434819;0.000155760819778952;4.99440727717491;-0.175706230952194;0.946366943978915;97329;555.215280132335;632.091891891892;72792;687.17037586548;701.360034453058;151424;706.620423446746;708.368326442567;4;4;799.751973039859;119.5;36.1835598027613;44686;0.931915500211772;11.5935021961054;11.2527968166662;7.31212251879277;14.1222939237935;0.807973247439618;0.901237397116328;1.27741597000207;6.16749798532298;"D20181107";"H2B TSA-50um D20181107";"no"
"20181107_R04-Scene-18-P66-B04_seg_0_cid_2";"20181107_R04.czi";17;2;"TSA-50um";"cardiomyocyte";"H2B";"ZSD";"no";437867;0.996268310610052;-0.0528243069878541;0.0682572037622781;0.0710172768048267;0.951146670924831;-0.30046057442506;-0.0490509905039523;0.30418678962089;0.951348725416037;139.589711237263;107.034741266251;55.4865268900241;146.840935842689;605.941916010477;1114.46263286732;0.991281725150211;0.970192633694047;0;58;68.7472017758817;52.5659983510975;30.0930396672962;558.138644839643;599;244390494;615;823;143.569728581504;5.81184667214326;0.000354489235416395;484.604043383928;0.77507056680188;1131.54452513395;0.103838299051919;333.562311806085;4041.57405715189;7.66226095096631;12.220691316495;0.000158255488456273;5.00255267994392;-0.17039758386436;0.939158770299497;104127;500.018439021579;549.672754946728;77573;623.10292240857;622.878575598365;132633;633.907277977577;637.881841533294;4;4;717.251352056762;109.25;36.2310295189082;46864;0.89057206767312;12.4051383441846;6.86396030909022;16.042825634892;11.46150243856;0.802465244567921;0.882471763326724;1.28507738836617;5.89706325772237;"D20181107";"H2B TSA-50um D20181107";"no"
"20181107_R04-Scene-19-P68-B04_seg_0_cid_1";"20181107_R04.czi";18;1;"TSA-50um";"cardiomyocyte";"H2B";"ZSD";"no";707833;0.0377076418345507;0.998085660727673;0.0490219093577806;0.953144351463243;-0.021187900058313;-0.301772957974754;-0.300156590833836;0.0581041026169766;-0.952118655545665;154.512170836833;131.801769945209;83.3341310404229;252.31578555811;885.5855173235;1361.00385575108;0.982665122942968;0.958553058169662;0;82;65.8118779429611;74.4835872303213;35.8811273280562;526.234193658674;556;372485928;604;852;141.942383948904;5.98973482100036;0.000337606452090054;363.391844543864;0.833599091175361;1132.43784873786;0.1291259259098;308.038212492313;4166.35955040757;7.84006209348567;12.1487032429229;0.000198590970143904;4.73060205857863;-0.228365865785988;0.974607423696713;167305;459.162093183109;489.454391891892;120393;579.014843055659;608.009433962264;222817;621.223474869512;627.999874277093;4;4;712.098149291533;150;94.3954448053506;76064;0.755950331177662;15.2723259932764;6.49198111516814;14.2183134777628;18.0354113629192;0.793005738436606;0.80501118001118;1.35319627244408;6.90988298942671;"D20181107";"H2B TSA-50um D20181107";"no"
"20181003_M01_001-Scene-2-P2_seg_0_cid_1";"20181003_M01_001.czi";1;1;"Control";"cardiomyocyte";"H2B";"ZSD";"no";667394;0.915201261851711;-0.402783565222038;-0.0131167790276651;-0.402992986194221;-0.914560266780276;-0.0342953569022735;-0.00181752119682062;-0.036673123862224;0.99932566193553;165.234356525596;117.947558438029;53.9361955032235;180.315608865409;759.531340424615;1568.00154427695;0.99336582896153;0.971411059608361;0;52;78.4197175881114;64.4066323640908;24.1825877967138;673.762494118916;705;449665046;732;1169;169.274616974698;6.20604062224412;0.000281329566648307;305.622507074546;0.835914502296096;956.696180579126;0.103038004276636;255.420265765936;3521.16221524196;7.83195268824907;12.4603989086494;0.000158318277067942;4.94255918670402;-0.181609716702119;0.951095948165352;132948;590.095172548666;768.006024096386;109790;737.077365880317;772.213435969209;263689;744.117187292606;745.057150927408;18;16;954.507932810686;33.125;17.258602927236;57564;0.957760049587879;14.5536735581411;8.58878577437852;18.3054681950775;12.8455431331532;0.80058783496071;0.994551490977953;1.41668309106298;3.24715490542691;"D20181003";"H2B Control D20181003";"no"
"20181003_M01_001-Scene-3-P3_seg_0_cid_1";"20181003_M01_001.czi";2;1;"Control";"cardiomyocyte";"H2B";"ZSD";"no";640634;0.895567141115617;0.444590218018592;-0.017292593679996;0.443687146913426;-0.895296753416927;-0.0398175713088319;0.0331845056890229;-0.0279868069506071;0.999057319285978;141.925523298733;133.575563103688;54.2053769616995;171.374740755577;1038.11777866113;1129.70039889225;0.988426693019341;0.986279816032853;0;55;70.4202961441322;67.7598098134036;25.1151593577612;560.545470580706;588;359104487;589;957;140.25280332413;5.86903647843896;0.000357903043391064;313.27957437893;0.799239497973783;813.404059171595;0.111608848455428;266.654916419994;2940.33666230744;7.62241662979322;12.1297152474644;0.000172880953056428;4.85512341446975;-0.17641756712596;0.942508061283903;141983;504.039582203503;651.383954154728;110694;622.439490848646;637.793604651163;219507;619.033169785018;613.896817835366;18;14;788.484511411477;40.2857142857143;30.4758184501103;56784;0.948582013963111;12.9935660992786;1.60743303898618;16.7588108700758;15.7328467393021;0.809780853583512;1.02130838158999;1.40663791394949;3.58096930022004;"D20181003";"H2B Control D20181003";"no"
"20181003_M01_001-Scene-3-P3_seg_0_cid_2";"20181003_M01_001.czi";2;2;"Control";"cardiomyocyte";"H2B";"ZSD";"no";696984;0.189733754048237;0.981164860359552;-0.0362852500388884;-0.979462944408504;0.186578284605791;-0.0764256779111905;-0.0682161498868693;0.0500405886174598;0.996414821440062;153.782909614219;134.344665986968;56.7130094122604;180.800713029137;972.279713321793;1317.40292415177;0.990537789512952;0.982558176432821;0;55;67.7933324150913;74.9945637202576;25.7940526611802;551.145161151475;579;384139359;583;912;132.693056861615;5.77633724325392;0.000376548272840733;329.488534867539;0.783644663388365;797.621415669312;0.110650911446605;273.914568380904;2860.99712780971;7.57569763676436;12.0794010256089;0.000171361769091533;4.86621954357882;-0.169098531304071;0.935129087916176;146422;494.533785906489;618.729313662604;115895;605.52135985159;619.969295184927;260126;605.744954368268;600.383378256963;14;14;749.740835583871;46.4285714285714;26.1880951298603;59840;0.950908877448549;13.3792587715706;3.41819578821119;14.3752246793425;17.5315044295253;0.816707417270461;0.997999930751486;1.36033279148724;3.84430400555218;"D20181003";"H2B Control D20181003";"no"
"20181003_M01_001-Scene-5-P29-E03_seg_0_cid_4";"20181003_M01_001.czi";4;4;"Control";"cardiomyocyte";"H2B";"ZSD";"no";447996;0.867979636504357;-0.496560568169027;-0.00624121409804495;-0.496555797180481;-0.868001481989771;0.00240157240524993;0.00660990924456842;-0.00101459509848109;0.999977639598288;125.54664196168;109.041309206261;50.174828082876;168.23360601785;657.651204151278;871.024382257227;0.981170314274528;0.966727138047803;0;50;61.9461267511317;55.6601844659327;25.311857695158;690.258049179011;725;309232845;750;1194;178.118946868714;6.24328947490925;0.000265341283203291;345.814743397381;0.808923089510454;924.70781578374;0.0969059595167854;255.794596743498;3353.01651973758;7.82145846039742;12.562201631351;0.000147766262866221;5.03516312664839;-0.165550986948859;0.938366190681222;94090;624.401721755766;817.47972972973;73328;761.552381082261;786.838681699913;168008;749.603852197514;747.56851186197;15;11;964.317520857483;74.5454545454545;137.110017959277;43102;0.980027646198282;10.0456032542301;3.14417618792178;12.393160537433;11.3237668353502;0.819906466405388;1.03894196960884;1.39703915369685;4.87119648052535;"D20181003";"H2B Control D20181003";"no"
"20181003_M01_001-Scene-6-P30-E03_seg_0_cid_2";"20181003_M01_001.czi";5;2;"Control";"cardiomyocyte";"H2B";"ZSD";"no";414261;0.472615965650633;-0.878786172156795;0.0660985070794199;-0.877372604048716;-0.476246051771559;-0.0583696139851555;-0.0827735626688526;0.0304066078017544;0.996104399912527;130.286227493131;112.274868204238;50.7089532860201;130.611455518523;682.623605055238;966.265030978449;0.990822222324471;0.981524315890509;0;47;59.3805958079568;60.1097713760166;21.4326596034867;579.863489442646;612;240214829;622;924;145.889827868539;5.91830067076996;0.000302684327244833;419.494076017215;0.771023923227766;958.324201371653;0.0996715210684934;291.922549978419;3413.80272946939;7.73640378423843;12.403135463042;0.000151450289591057;5.03779583917328;-0.165090023341732;0.934733360085281;97209;530.369862872779;637.445591739476;76797;639.74720366681;651.361147327249;123796;644.982729652008;647.575028636884;14;14;783.045577324874;58.8571428571429;42.8166475348368;42986;0.9324115790625;11.6969150627336;3.38016143205037;12.9182469422382;14.5165655197806;0.829030372986209;0.978636190314891;1.35039641498644;4.32837272470385;"D20181003";"H2B Control D20181003";"no"
"20181003_M01_001-Scene-6-P30-E03_seg_0_cid_3";"20181003_M01_001.czi";5;3;"Control";"cardiomyocyte";"H2B";"ZSD";"no";600645;0.69240816916412;0.720744402812707;-0.0331426174124191;0.718246625053584;-0.692913965657883;-0.0631824484758471;0.0685033785584904;-0.0199434703705556;0.997451525195912;155.255818324303;117.533147746906;53.440827376807;165.874383824991;745.584201644018;1406.45211049711;0.993020940753415;0.974938230335607;0;50;69.4750709653789;68.0317042512632;24.3954265830898;611.410362193975;641;367240577;650;989;147.357995918533;5.99124247444601;0.000295630601002376;358.352272141211;0.802708948799026;943.4078329637;0.102531770965291;282.447474915605;3415.27905971359;7.75694876593276;12.3929532737417;0.000157794256223147;4.96588955290595;-0.172706653722814;0.942994327821489;114885;541.76271924098;676.014305177112;94314;666.555813558963;688.677090909091;252340;668.248371245145;670.776879547292;14;14;829.84947733536;49.3571428571429;18.8853955019562;54470;0.941036035602584;13.796142617772;6.85889852179792;14.9974521853147;15.0719978554647;0.812779227516341;0.981612883746048;1.35727087509204;3.96369354582493;"D20181003";"H2B Control D20181003";"no"
"20181107_R05-Scene-01-P82-B05_seg_0_cid_2";"20181107_R05.czi";0;2;"DMSO";"cardiomyocyte";"H2B";"ZSD";"no";361108;0.967477397985191;-0.248666539699179;0.046394357650917;-0.252943455793035;-0.949082346122284;0.187782609552902;0.00266318592703351;0.193410579630632;0.981114292591674;126.516604510172;97.2015094380073;56.6972651144786;147.950394558449;480.100757839224;906.51376563581;0.986591665384272;0.951332826748107;0;52;59.3988806672796;52.4901192994894;26.8925584589652;655.765712750756;688;236802245;687;1118;170.496300614089;6.23910426689978;0.00028366004735512;375.128153823079;0.811279222455853;1023.95447074759;0.102420892085467;276.232702517088;3720.68972916729;7.85562707286355;12.4939370598045;0.0001553547654672;5.00356061437963;-0.18149112629784;0.950750914122493;87083;592.397345061608;603.946547884187;62141;736.340483738594;762.976582827407;109622;736.388133768769;738.15095879233;12;8;942.828060924996;37.75;20.6018809820851;39302;0.933028464346952;10.4324623002809;6.77397318156186;13.5866080899573;9.14359644182055;0.804515517133936;0.791566296367979;1.43775138375273;3.46643883595803;"D20181107";"H2B DMSO D20181107";"no"
"20181107_R05-Scene-01-P82-B05_seg_0_cid_6";"20181107_R05.czi";0;6;"DMSO";"cardiomyocyte";"H2B";"ZSD";"no";392873;0.748264349983332;0.656361876533754;-0.0963823094613851;0.644206728812973;-0.753600505734552;-0.130705655228521;0.15842396629333;-0.0357122498551566;0.986725129969929;118.765326176084;94.9909402943451;60.9030706782044;202.688942645322;470.317091079663;768.24482439875;0.964568158274651;0.902369925540059;0;60;56.7164783530556;53.8128377363677;29.1743515079937;607.162729431648;636;238537843;642;1015;140.207927579637;5.9155338333503;0.000408357005711754;343.392652262573;0.775770329299576;794.520646786806;0.112252000867496;280.029870394247;2834.68993488463;7.54234899842736;12.0283283490386;0.000174251058003384;4.85903777864323;-0.166618967962061;0.932956834601927;84712;557.371777316083;646.541114058355;63170;664.090343517492;666.091089108911;144529;662.489085235489;657.688127248627;7;7;832.100396534469;31.1428571428571;14.456126446484;40464;0.95931209111591;8.0183234106208;4.24357071192305;9.63294603518904;8.61712582269253;0.839301132378838;0.970649697360898;1.37047344344305;3.14850429769135;"D20181107";"H2B DMSO D20181107";"no"
"20181107_R05-Scene-03-P78-B05_seg_0_cid_3";"20181107_R05.czi";2;3;"DMSO";"cardiomyocyte";"H2B";"ZSD";"no";583557;0.134493640111776;-0.990234508757717;-0.0367025671424748;-0.985845224535082;-0.129972066995733;-0.1059077667701;-0.10010321688566;-0.0504269716146069;0.993698378031746;143.498762342376;109.574245267237;68.6976293697498;236.891236518163;625.188347555788;1122.9676137853;0.977496618791331;0.925432793130113;0;66;55.9064290206441;69.7064742604407;29.1275865082588;597.525304297609;624;348690074;653;1031;154.128766673854;6.13181291111208;0.000311498754808522;276.556143827062;0.849381800023307;940.899265899276;0.111852050185655;271.173301922675;3487.04091977004;7.83091544152249;12.3177082442345;0.000173331120730353;4.83098119934738;-0.198989926557302;0.961582170244969;121472;511.53699618019;611.722857142857;91525;653.121354821087;670.430269413629;227053;683.664078431027;677.71833161689;16;16;868.844017743664;35.5625;23.425330173767;53050;0.954314239657295;10.6096674580036;7.12387079319662;8.93792765549857;14.3130455533361;0.783218910856647;0.912433231390166;1.45407066695692;3.36450521286727;"D20181107";"H2B DMSO D20181107";"no"
"20181107_R05-Scene-05-P74-B05_seg_0_cid_1";"20181107_R05.czi";4;1;"DMSO";"cardiomyocyte";"H2B";"ZSD";"no";340955;0.487456502388927;-0.872798349561733;-0.0246819626664668;-0.868672585684979;-0.487622766511141;0.0873611839399738;0.0882841840769154;0.0211442328386754;0.995870887344106;123.473204330711;95.5242935448642;53.9676458813184;148.393645035681;453.753424518472;826.360661595532;0.98374430119465;0.945011926409109;0;52;50.3404730829582;57.1730756258157;24.9135780381575;580.821290199586;612;198033923;620;935;143.723813352753;5.92239788824685;0.000316679465760624;456.496161569851;0.759025283705396;987.902284034828;0.100462483247968;291.710516182971;3495.11297456947;7.68132419498632;12.3669864821639;0.000151767735451994;5.0600079928543;-0.159095444934611;0.928568635479646;85051;545.247322194918;647.355947136564;59570;642.186839012926;628.248571428571;97289;639.097020218113;634.464392803598;10;10;800.791594268038;32.4;26.2952467187513;37424;0.944634009114658;9.51616795788507;5.59716472632616;8.05749459608909;11.0584417090369;0.849047798975437;1.03041371930945;1.37872286670632;3.21142340907499;"D20181107";"H2B DMSO D20181107";"no"
"20181107_R05-Scene-05-P74-B05_seg_0_cid_3";"20181107_R05.czi";4;3;"DMSO";"cardiomyocyte";"H2B";"ZSD";"no";350158;-0.0793100805965804;0.996798110183175;0.010170479389667;-0.97541986642001;-0.0754968923067634;-0.207017640420304;-0.205586953158349;-0.0263390733943449;0.978284344096232;124.654337669249;93.0678831305579;58.6514064928529;150.714145187418;454.246445203054;940.035928526911;0.987063782285062;0.943353491073976;0;52;45.0120002970088;61.3670143192502;24.9236087708977;596.695186173099;628;208937593;634;999;152.95409532062;6.00666261341445;0.000328076370679636;423.582309599946;0.75968372530719;912.846605774535;0.101681546495775;277.224896946764;3227.80411349821;7.69056138884596;12.3651002502227;0.000153231112800838;5.04408034178569;-0.159570030272536;0.929146517468157;87935;561.082185705351;632.452517527087;61675;662.826299148764;673.977116704805;97754;655.329981381836;651.667935512763;10;10;826.548153736112;50.8;26.8134294710692;39816;0.903160640157006;10.9252638381942;7.90822480723593;8.96277163286297;13.1027254334012;0.846499582810642;0.9383887106127;1.3852100249663;4.02121153610906;"D20181107";"H2B DMSO D20181107";"no"
"20181107_R05-Scene-05-P74-B05_seg_0_cid_4";"20181107_R05.czi";4;4;"DMSO";"cardiomyocyte";"H2B";"ZSD";"no";354024;0.732612675482732;-0.671615994589247;-0.110501690185846;-0.668812383336531;-0.74046681652186;0.0663241247638563;0.126367177770737;-0.0253150042836109;0.991660469586431;124.252396415304;102.853218277717;53.665950604086;135.412731114147;534.389700834282;848.931967295339;0.987196390209237;0.967362380640092;0;50;57.6849931078119;58.4975142928163;22.5959313492871;636.570921745418;676;225361384;682;1114;179.302722746961;6.20504574102121;0.000312093305871906;381.44118716059;0.799828475340397;987.990857794841;0.103007202848915;273.465148975304;3570.52224401879;7.77363442232364;12.3958001823384;0.000155118972544315;5.01544804316068;-0.176424167661427;0.945427651934363;88171;569.835750983884;695.464926590538;63041;725.378690058851;733.460204885737;99509;718.67730557035;714.595939633489;16;16;918.228572303266;37.4375;31.3946029398366;38998;0.929142945066584;10.2039191912838;4.09925906995328;11.4110526324112;10.6059696120664;0.785570018520467;0.948197219096409;1.4424607548607;3.45206117616789;"D20181107";"H2B DMSO D20181107";"no"
"20181107_R05-Scene-10-P75-B05_seg_0_cid_3";"20181107_R05.czi";9;3;"DMSO";"cardiomyocyte";"H2B";"ZSD";"no";497213;0.516918209588117;0.855563688530092;0.0283961170760859;0.855555016244799;-0.515233739484715;-0.0505945439247986;0.028656217031841;-0.0504476814668542;0.998315507572653;133.2968092594;125.49531281514;49.3414838581472;144.406899315494;842.396041573996;999.339984803106;0.989504468456036;0.98519734678293;0;47;59.9692767485967;68.3595963902794;21.6163173529252;525.059358866321;554;261066339;570;836;131.488729449234;5.7406350806509;0.000347946543791598;390.433585628584;0.788155372762202;970.426229795179;0.107761502069045;287.28831808108;3491.27133355214;7.69766141066189;12.1873432014277;0.000165568265986425;4.92635477835357;-0.179995608750371;0.946010941902816;112149;469.808558257318;560.466380543634;89517;576.634929678162;594.76268540203;160519;590.893115456737;588.646419286221;9;7;702.300521509224;39.1428571428571;37.2345023233198;48034;0.943245515157032;12.162475355718;2.89497164769794;14.3067801917763;15.4742389673539;0.814741761342022;0.942336152384521;1.33756404804514;3.52980996684683;"D20181107";"H2B DMSO D20181107";"no"
"20181107_R05-Scene-10-P75-B05_seg_0_cid_4";"20181107_R05.czi";9;4;"DMSO";"cardiomyocyte";"H2B";"ZSD";"no";416397;0.635437252240592;0.772054402957725;0.01230842550926;0.768145457910342;-0.630437508967202;-0.111808330543572;0.0785624207661514;-0.0805018394871812;0.993653561299179;156.324061058896;89.3280125513658;54.7572190432974;144.458672625555;434.047379127775;1383.00052478074;0.994529814959975;0.942991168835381;0;52;61.412541396792;67.8641584833704;25.2650931682985;586.928683443925;621;244395343;630;1076;158.069590428631;6.11806378550913;0.000363404007937369;300.234959090524;0.825078140664842;888.047184940857;0.117422461609848;264.54176123101;3251.9537806729;7.6961192501069;12.0966151496274;0.000178969599578328;4.82664805372945;-0.198334172034995;0.958551244063811;104904;518.559416228171;639.12852897474;75607;665.457298927348;674.378466557912;113162;681.84300383521;680.168097605061;11;11;875.75252133627;38.7272727272727;38.7183088217516;46266;0.873439659918391;14.2903319934303;12.1840244908022;10.6111211050644;12.1627788007223;0.779252729009115;0.947729740299849;1.49209358145118;3.51102175641604;"D20181107";"H2B DMSO D20181107";"no"
"20181107_R06-Scene-01-P100-C04_seg_0_cid_7";"20181107_R06.czi";0;7;"Control";"cardiomyocyte";"H2B";"ZSD";"no";377027;0.247656397880924;0.968770621189937;0.0122389586121302;0.96542816595671;-0.247822999074869;0.0808221350064506;-0.0813312053649072;0.00820028345861436;0.996653395311073;139.086077641664;92.508848589962;46.6973266937952;132.226028793458;453.858768232365;1148.29408977557;0.993348118561032;0.956620366398695;0;44;44.8296991992616;70.3432327127765;22.0054240147257;513.012696703419;539;193419638;538;762;116.67757036292;5.59420733222643;0.000338285029968659;486.384408835326;0.72737891338691;941.401025583977;0.099331352410407;304.581638032912;3279.21969350057;7.63389091215145;12.2790995654741;0.000151181172685198;5.04894930679484;-0.152083022348201;0.919700978463114;81848;477.531509627602;561.721221613156;64665;554.760040207222;567.485197368421;132105;558.182854547519;564.710504952103;10;10;645.708927791029;89.5;33.3923643966701;39152;0.957571500068918;12.3956289690039;8.81205995356979;8.71780376386765;16.2606456215687;0.860789305316994;0.989842949592352;1.25866071530063;5.33748394034579;"D20181107";"H2B Control D20181107";"no"
"20181107_R06-Scene-03-P99-C04_seg_0_cid_1";"20181107_R06.czi";2;1;"Control";"cardiomyocyte";"H2B";"ZSD";"no";403213;0.597769613923762;0.800865203975204;-0.0358666102551138;0.800808499059261;-0.594459717221065;0.0729615819175121;-0.0371111371947887;0.0723365029788393;0.996689617600636;114.088100774847;101.699971468209;57.8928270027675;197.480790228428;550.149104945615;704.48547984574;0.95990684900132;0.933353456229534;0;55;53.315356895735;55.5542455228378;26.481641216925;512.45012437595;536;206626552;536;815;117.424310180493;5.60435423987893;0.000411181356168686;363.068083701894;0.761458252777338;794.943310971775;0.108452068510816;285.614047947835;2816.70516018521;7.52230307456299;12.011637791196;0.000166907703203455;4.91000808749937;-0.160184906945199;0.925231922552922;83510;471.802826008861;574.475940507437;64144;555.217229982539;560.837917485265;156259;557.635246609795;554.939634917766;11;11;671.524584400855;64.1818181818182;45.2263362168914;39274;1.00341265555088;7.72356093728933;2.42756977313571;9.25190638416806;9.89513834975868;0.849762580357419;1.02431722712923;1.31041939977792;4.51992336666489;"D20181107";"H2B Control D20181107";"no"
"20181107_R06-Scene-04-P98-C04_seg_0_cid_1";"20181107_R06.czi";3;1;"Control";"cardiomyocyte";"H2B";"ZSD";"no";402350;0.00424109150657866;0.999951642691149;0.00887273475909663;0.999988871062145;-0.00422257865257705;-0.00210418187907341;-0.00206661430611667;0.00888156004287846;-0.999958422633919;124.094282660575;116.07042180583;41.6501673369146;116.78772936971;776.439488411987;865.38831172405;0.990851846629856;0.988623026770831;0;41;58.6862930284578;61.6598508761029;18.426556480676;621.259885671679;642;249963915;632;1062;146.101458727194;6.10592008342026;0.000269280087580565;328.869485879024;0.817339516953773;921.580162640333;0.0992320834976996;250.713190484568;3357.45116468231;7.84478920342759;12.5199863250276;0.000152251474391441;4.99076939799889;-0.174858954552391;0.946347387030253;74872;561.459103536703;691.768273716952;58009;671.444879242876;691.788542544229;180007;670.722310799025;690.238868025751;16;16;872.852449332463;35.875;22.2538620243768;40610;0.958248705842137;11.6337951165567;1.53875915768013;13.5342047835697;14.752395112853;0.836195376409462;0.999970700834098;1.40497152554566;3.37925541604116;"D20181107";"H2B Control D20181107";"no"
"20181107_R06-Scene-05-P87-C04_seg_0_cid_1";"20181107_R06.czi";4;1;"Control";"cardiomyocyte";"H2B";"ZSD";"no";414560;0.427086747895576;-0.904209363095739;-0.00152887605051118;-0.904076670801461;-0.427051959089486;0.0164923482372625;0.0155654452081441;0.00566144220399955;0.999862823085068;164.199238458161;101.126736927909;34.2054339111223;86.5647051955615;598.428446807007;1654.14093385501;0.998629735690088;0.989482387889386;0;33;60.3670976456966;77.1366484947897;16.4035796989579;562.11320436125;584;233029650;619;903;134.635254375168;5.97074034563778;0.000238487397242865;369.707548034327;0.834203989269685;1146.86856176037;0.0952329552663855;273.303068182056;4217.76669900713;7.95660699184265;12.5939602986631;0.000145995214241947;5.04362322372222;-0.190066487428301;0.958359922693812;72794;494.401695194659;619.168210976479;59997;601.861593079654;664.754571026723;194376;610.74968103058;669.821339669609;12;12;763.400570890716;74.4166666666667;42.3427646974335;43870;0.897792512675144;16.7820426666062;11.4883121145805;13.1758027062018;19.9709286153885;0.821454136431708;0.931423773469003;1.35809044329104;4.86698681905383;"D20181107";"H2B Control D20181107";"no"
"20181107_R06-Scene-05-P87-C04_seg_0_cid_2";"20181107_R06.czi";4;2;"Control";"cardiomyocyte";"H2B";"ZSD";"no";436738;0.494909409515799;-0.868934034727029;-0.00428014786307407;-0.868903105148156;-0.494831663046962;-0.0122073383696092;-0.00848941909761072;-0.00976056039298114;0.999916327111524;156.698409188143;118.499396861618;32.0880920532658;78.8734479877344;816.846275621327;1480.19863295454;0.998579306906447;0.995327311397928;0;31;66.4067060800755;75.6566133471326;15.2466581795035;551.72510521182;571;240959319;593;897;117.488434187914;5.81838080871115;0.000279773248658997;343.229392610402;0.8069054459791;926.225249500829;0.0982744705860542;257.257485479673;3361.67160539292;7.78876473309302;12.3718208537292;0.000152882200143889;4.9720741941144;-0.177045599580407;0.946433226248477;59729;496.202933248506;600.732693625771;48585;573.899022331996;636.352589641434;256647;582.317728241515;641.527527527528;9;9;754.868909728442;69.3333333333333;43.9317652729776;45814;0.883234294468762;16.0876657783257;6.78284145950351;16.8367566287214;20.0307688981278;0.864617143329888;0.944024906010465;1.36819750016384;4.69781709329729;"D20181107";"H2B Control D20181107";"no"
"20181107_R06-Scene-06-P93-C04_seg_0_cid_1";"20181107_R06.czi";5;1;"Control";"cardiomyocyte";"H2B";"ZSD";"no";481844;0.971349567012889;-0.237055562755954;-0.0168724281100966;-0.236719263786743;-0.971377320322236;0.0197507396280654;0.0210715167022926;0.0151908436253889;0.999662557793286;133.974966064285;113.40492816282;51.2229160335116;167.147894216993;690.763186486915;1023.21198529834;0.986567175934338;0.970282313851778;0;50;68.4855700185122;59.9863337511726;23.6765156357659;477.882337437013;500;230264737;504;818;113.285830327118;5.56969964911853;0.000527056280982928;299.087465092854;0.772538585337409;690.437205401106;0.127737673074081;263.754611785512;2462.66135651157;7.42185457137638;11.6616172313433;0.000198067687515978;4.69777597098982;-0.182724563590424;0.942689126638577;107169;436.571863132062;530.341906202723;86015;516.394221938034;546.272727272727;159854;532.858558434572;535.052545603049;8;8;660.521202890478;42.625;19.5699865866076;46646;0.951613648444864;11.4930034987184;4.69729552646459;15.9069462452453;12.9662207393477;0.845423601940399;0.970837238846722;1.38218375350091;3.68347103946591;"D20181107";"H2B Control D20181107";"no"
"20181107_R06-Scene-07-P92-C04_seg_0_cid_1";"20181107_R06.czi";6;1;"Control";"cardiomyocyte";"H2B";"ZSD";"no";581907;0.932965515871899;-0.358895717628585;0.0277346364992459;-0.359769598671164;-0.927142019295507;0.10475453178092;0.0118820059700218;0.107710444825529;0.994111300614582;135.907757417398;97.6041294251915;73.6714040078562;300.451065559005;510.145882025254;1033.35340881277;0.95679801059068;0.808168547095779;0;71;67.875722409251;54.8142280467497;32.6889296743294;626.559747519793;651;364599503;656;952;131.901976123591;5.85456123637226;0.000322553669100492;332.88417869628;0.78281077899956;786.583871965607;0.102559731403965;307.516866640855;2813.45130916615;7.6176880809749;12.2583744213773;0.00016202905127867;4.91429373094629;-0.158239387190789;0.926647512261976;103096;563.961899588733;656.450320512821;81599;666.405176534026;674.108177172061;273310;677.691899308478;677.968736303871;11;11;805.103668923428;44.9090909090909;31.7188058512312;50582;0.995459432993412;8.70365237825815;7.13538991063184;11.0082769852338;5.83880661311837;0.846274788143002;0.973805603822643;1.28495913136839;3.78087392224208;"D20181107";"H2B Control D20181107";"no"
"20181107_R06-Scene-07-P92-C04_seg_0_cid_2";"20181107_R06.czi";6;2;"Control";"cardiomyocyte";"H2B";"ZSD";"no";387367;0.635585568735051;0.772014178462946;0.0050092981468599;0.771402940252524;-0.635317160370752;0.0361885273008552;-0.0311205492480671;0.0191367183871088;0.999332425884336;146.320539771356;113.969582575683;37.8642848393943;84.0403802076991;723.026351401843;1294.43339746259;0.997890182038796;0.993221835114895;0;36;64.4823461988244;68.9557164136336;16.5130664202165;497.489349892996;529;192710957;527;782;129.07800822555;5.69931514944463;0.000372939679940664;512.743110341588;0.721939718688204;980.423921845155;0.105008245899274;299.317786663157;3408.95257703903;7.64681718131748;12.1830513551117;0.000157579497272275;5.02797499287168;-0.165711295238242;0.932310263507584;104339;464.483932182597;549.50213371266;85200;556.906737089202;561.966615418405;71519;557.327549322558;563.409150326797;8;8;677.545554766545;73.125;56.2148501287694;44686;0.85507870531752;14.7154698937193;6.29028362748719;15.7403575471157;17.5603173425042;0.834042580648829;0.977819889360393;1.36192976776745;4.82456323693552;"D20181107";"H2B Control D20181107";"no"
"20181107_R06-Scene-08-P97-C04_seg_0_cid_3";"20181107_R06.czi";7;3;"Control";"cardiomyocyte";"H2B";"ZSD";"no";717585;0.825753555882877;-0.562092018592314;0.0467293011032968;-0.563085508211562;-0.816739832613772;0.125979189805915;0.0326462155373659;0.130340356209599;0.990931690962723;197.403172659643;121.590951865367;61.1586593246427;169.071428468227;740.619912037268;2690.8463200065;0.998024113797176;0.973594663059966;0;60;101.357638467917;83.7166858281597;26.2883839545141;506.945529797864;530;363776508;523;839;120.856244320468;5.70898325473226;0.00051442929594099;381.059850114124;0.777076564177993;897.980333925866;0.130830795754241;300.579976167682;3210.86148558934;7.47064675966027;11.7365203893062;0.00020169078233958;4.72316295179728;-0.189452247832738;0.948661807758947;164021;467.177897952091;502.078519855596;123006;554.296546509926;561.057847082495;235862;561.488845172177;560.870028011204;10;10;686.712475286344;66.1;22.6867802916148;73880;0.785411714832611;21.3892009125807;21.9393418334907;23.6707856795086;16.6576293397753;0.842830251953816;0.894878348937472;1.35460800997724;4.58696887680182;"D20181107";"H2B Control D20181107";"no"
"20181107_R06-Scene-11-P91-C04_seg_0_cid_2";"20181107_R06.czi";10;2;"Control";"cardiomyocyte";"H2B";"ZSD";"no";415320;0.952013389768659;0.289533056722702;0.099202392944909;0.226777771207484;-0.884994564298315;0.40664045992572;-0.205529433871049;0.364630265100476;0.908186336378941;111.210151528854;105.349804606241;68.5855011326462;224.610024417174;555.905428053165;668.883494328465;0.941933870954994;0.914739732388764;0;71;54.5580323605894;47.5319416353655;34.2283660791679;600.560201772127;627;249424663;654;1005;136.798555710202;5.92488391072152;0.000379433274800054;300.4592692777;0.797293339020008;757.991365898043;0.112570004274992;277.896920470138;2731.50619431447;7.60166892791573;12.0858192265387;0.000176516237171519;4.82350275291367;-0.174046257998644;0.940002244210245;85950;546.628760907504;615.049953746531;65445;653.303155321262;664.845864661654;161312;656.928945149772;660.788675213675;5;5;880.880904902388;22.8;8.86340792246413;41648;0.966123111215641;7.26875116018596;4.30447384287762;8.69452152616842;7.67646572763478;0.836715323437707;0.925101570812259;1.46676536724061;2.69396833778544;"D20181107";"H2B Control D20181107";"no"
"20181107_R06-Scene-12-P95-C04_seg_0_cid_1";"20181107_R06.czi";11;1;"Control";"cardiomyocyte";"H2B";"ZSD";"no";553127;0.264317267463478;0.964346555123972;0.0131188315473917;0.964367958653339;-0.264435546598673;0.00826329340232905;-0.0114377639174851;-0.0104672496669225;0.999879799896457;176.017945742493;115.315875545521;40.4111655578545;107.711028738014;749.15430609617;1836.40716266604;0.998278423235182;0.98961013744954;0;39;60.4917550580608;86.3143762644022;18.231650235841;540.835547713274;561;299150744;30;929;138.569423114533;5.95318236784091;0.000302784733558448;308.356938830793;0.839551084815939;987.882128826474;0.107841048587782;254.374790543377;3643.1715764751;7.86384295245455;12.3419895858505;0.0001671504621433;4.87790406991184;-0.200775339891749;0.962525401061388;110247;463.634212268815;569.625612745098;87457;579.76776015642;600.109732201176;223546;617.298336807637;649.504307664979;13;13;784.669370322951;39.7692307692308;30.3597756304516;53864;0.895530462738668;17.3644798071701;11.038510066908;13.9834502439777;22.537336798118;0.799689538003506;0.949202424456169;1.45084651635907;3.55794031987198;"D20181107";"H2B Control D20181107";"no"
"20181107_R06-Scene-12-P95-C04_seg_0_cid_2";"20181107_R06.czi";11;2;"Control";"cardiomyocyte";"H2B";"ZSD";"no";438079;0.632826601408457;0.774116206525532;-0.0165707979392258;0.774217480872395;-0.632319542848598;0.0275551817875023;-0.010852873417895;0.0302670534783302;0.999482926623719;155.87468493737;100.991068130208;42.7605779737021;118.624195089528;561.974755979651;1406.458734036;0.996436826282937;0.977467803962897;0;41;64.1771780888835;66.233375715339;19.4482250918213;557.466970569235;579;244214573;35;1065;144.693671806069;6.05049487537976;0.000382496840639601;242.502214191865;0.846556921892956;816.902681729061;0.12222558167237;232.074443013682;3025.10851272438;7.71190233923091;12.0077242746603;0.000191003463590127;4.71347422977136;-0.212036114990257;0.966112040988304;91690;481.894939469953;613.907111756168;71180;600.749789266648;646.619462025316;165805;639.433328307349;670.918085767557;9;9;860.722547022031;32.4444444444444;18.9039155915212;44700;0.926134893058743;14.6462177870027;9.55299568283292;13.4029986474691;15.7983601271269;0.802155819410633;0.949410198439299;1.5439884198756;3.21362527660078;"D20181107";"H2B Control D20181107";"no"
