"cell_id";"czi";"series_id";"cell_seg_id";"condition";"cell_type";"structure";"scope";"minipipeline";"dna_volume";"dna_shape_1st_axis_x";"dna_shape_1st_axis_y";"dna_shape_1st_axis_z";"dna_shape_2nd_axis_x";"dna_shape_2nd_axis_y";"dna_shape_2nd_axis_z";"dna_shape_3rd_axis_x";"dna_shape_3rd_axis_y";"dna_shape_3rd_axis_z";"dna_shape_1st_axis_length";"dna_shape_2nd_axis_length";"dna_shape_3rd_axis_length";"dna_shape_1st_eigenvalue";"dna_shape_2nd_eigenvalue";"dna_shape_3rd_eigenvalue";"dna_shape_meridional_eccentricity";"dna_shape_equator_eccentricity";"dna_position_lowest_z";"dna_position_highest_z";"dna_position_x_centroid";"dna_position_y_centroid";"dna_position_z_centroid";"dna_intensity_mean";"dna_intensity_median";"dna_intensity_sum";"dna_intensity_mode";"dna_intensity_max";"dna_intensity_std";"dna_intensity_entropy";"dna_texture_haralick_ang2nd_moment";"dna_texture_haralick_contrast";"dna_texture_haralick_corr";"dna_texture_haralick_variance";"dna_texture_haralick_inv_diff_moment";"dna_texture_haralick_sum_mean";"dna_texture_haralick_sum_var";"dna_texture_haralick_sum_entropy";"dna_texture_haralick_entropy";"dna_texture_haralick_diff_var";"dna_texture_haralick_diff_entropy";"dna_texture_haralick_info_corr1";"dna_texture_haralick_info_corr2";"dna_io_intensity_outer_volume";"dna_io_intensity_outer_mean";"dna_io_intensity_outer_slice_mean";"dna_io_intensity_mid_volume";"dna_io_intensity_mid_mean";"dna_io_intensity_mid_slice_mean";"dna_io_intensity_inner_volume";"dna_io_intensity_inner_mean";"dna_io_intensity_inner_slice_mean";"dna_bright_spots_number";"dna_bright_spots_number_used";"dna_bright_spots_intensity_mean";"dna_bright_spots_xy_cross_sec_area_mean";"dna_bright_spots_xy_cross_sec_area_std";"dna_surface_area";"dna_roundness_sphericity";"dna_roundness_roughness";"dna_roundness_roughness_xy";"dna_roundness_roughness_xz";"dna_roundness_roughness_yz";"dna_io_intensity_ratio";"dna_io_intensity_ratio_slice";"dna_bright_spots_intensity_mean_norm";"dna_bright_spots_xy_rad";"group"
"20181107_R04-Scene-01-P51-B04_seg_0_cid_1";"20181107_R04.czi";0;1;"TSA-50um";"cardiomyocyte";"H2B";"ZSD";"no";511749;0.447064399296931;-0.894263507615937;0.0206446561539743;-0.890596374314673;-0.447148264542306;-0.0830453344527072;-0.0834956342501388;-0.0187405566418096;0.996331907848947;176.370969200996;113.970874076071;41.576063186334;95.210439086248;780.87225249538;1819.16962081788;0.998629463958974;0.992538908887134;0;41;71.5012281411395;85.2176281731865;17.3451379484865;586.274220369752;623;300025246;683;911;159.892247837995;6.10465210064491;0.00022754081832191;437.780049079707;0.833585277110733;1378.18942458735;0.0966506906609061;309.645919403264;5074.97764926969;8.00296050789072;12.6633767137254;0.000147163356664715;5.06945357150429;-0.198620338391333;0.963875248485018;124822;511.056584576437;643.816226183159;100251;666.728102462818;688.794684854186;136997;675.049125163325;697.854456562618;6;6;797.297067343994;122;88.0075754315123;54576;0.842921372051794;17.827126054473;11.196447775724;15.5639638387667;21.3226494116923;0.766514239745785;0.934699759362184;1.35993881300316;6.2316776324215;"H2B TSA-50um"
"20181107_R04-Scene-01-P51-B04_seg_0_cid_2";"20181107_R04.czi";0;2;"TSA-50um";"cardiomyocyte";"H2B";"ZSD";"no";940179;0.985550046242817;0.165182244787615;-0.0374957645302321;0.167733512617236;-0.98256347995786;0.0802151893233652;0.0235918438420084;0.0853453798399434;0.996072081249199;171.285892198496;161.066509030986;64.4916010313209;203.512499673858;1305.5512512961;1731.12794820698;0.993065706415821;0.987775616455127;0;60;84.7933436079725;83.464433900353;29.0497181919613;611.18012421039;645;574618718;685;1248;145.319533965601;5.99830898529496;0.000559296466312491;174.854076688444;0.828215206761508;526.376643124119;0.141373125205912;217.307968066524;1930.65249580803;7.32946894741679;11.4554916399951;0.00023052322098963;4.44468412525628;-0.198183191562085;0.953153003292446;182987;525.62007137119;601.902756892231;152308;665.710855634635;676.453731343284;382687;682.370932380771;676.975674895337;3;3;937.434948728754;58.3333333333333;39.6848697728604;79008;0.878004150121572;16.6093067619748;2.9165059911514;21.1320618897665;19.1726257731579;0.789562115327241;0.88979146540738;1.53381124744504;4.30906912152201;"H2B TSA-50um"
"20181107_R04-Scene-02-P52-B04_seg_0_cid_1";"20181107_R04.czi";1;1;"TSA-50um";"cardiomyocyte";"H2B";"ZSD";"no";253728;0.738414300126084;0.674328244599179;0.0050734510046078;0.674198121177957;-0.738388279921741;0.0154803576937224;-0.0141850191899348;0.00801040635691658;0.999867300505711;106.545639239449;95.8242020809013;41.5963388362844;109.654744783275;469.547088095046;592.760533156022;0.982740411442082;0.972348874260902;0;41;50.8060363854206;50.9107232942363;20.2587061735402;400.86094163829;430;101709645;432;493;89.967702376186;4.37119953742991;0.00180360038251986;900.976137867821;0.493219913098299;987.636080298108;0.13403263328972;411.124205963593;3049.56818332461;6.20248559448665;10.2321424541782;0.000206803584701476;4.75790288642433;-0.0806750681184875;0.704968610337238;66197;396.049700137468;423.760638297872;44361;431.623362863777;429.832236842105;67343;434.01063213697;433.153361344538;1;1;445.648393194707;529;0;33362;0.865583310199839;8.38017202563672;2.87061062361412;10.5418962399332;10.5177458686876;0.917581702504979;0.985874492362788;1.11172815034903;12.9763604215984;"H2B TSA-50um"
"20181107_R04-Scene-02-P52-B04_seg_0_cid_2";"20181107_R04.czi";1;2;"TSA-50um";"cardiomyocyte";"H2B";"ZSD";"no";943036;0.953690439678104;0.29655660238921;0.0502864479353218;0.296993489839831;-0.954878648196914;-0.00127836238676219;-0.0476383486210642;-0.0161539096506594;0.998734018116764;249.33881050687;157.208116261205;80.4546641314296;363.576275332089;850.463039552551;2717.97660372394;0.991012775351178;0.904013498969207;0;76;140.741805190894;80.835174903185;29.3734385537774;434.848331346841;455;410077631;416;668;119.12353131367;5.71251821119961;0.000589390087175696;528.121488199117;0.804632055669016;1418.62182381683;0.161788432309615;334.199955134523;5146.3658070682;7.77906838930678;11.7352037777011;0.000232252132766275;4.64663709159987;-0.264223655974945;0.983252311403885;250652;397.397822478975;402.845405405405;155726;475.121476182526;486.338949057361;253254;519.365091963009;533.356370474847;1;1;587.124567474048;289;0;112878;0.616419378341925;25.1703635661202;21.8218157472968;24.9681457191647;12.0767235680679;0.836413090967725;0.828322317565177;1.35018240878507;9.59122292031186;"H2B TSA-50um"
"20181107_R04-Scene-03-P53-B04_seg_0_cid_1";"20181107_R04.czi";2;1;"TSA-50um";"cardiomyocyte";"H2B";"ZSD";"no";549523;0.875595454967538;0.473554722713064;-0.0952812879653875;0.461028959340944;-0.878140521036651;-0.127755719881678;0.144169684362544;-0.0679348946391554;0.98721829004591;146.439514075926;120.870843144443;54.389208590049;156.447149357524;772.569010045955;1214.02633426845;0.991661969817376;0.979281747482978;0;58;71.6953157556645;63.1527124433372;27.0897123505295;452.656989789326;482;248745427;491;615;105.120461721448;5.19711396550521;0.000544647057402454;578.675992935035;0.69703009578526;1030.2824944616;0.116906085850429;366.110528358135;3542.45398491134;7.20329088190775;11.6150347355922;0.000180862944221731;4.8594020176101;-0.143573220144402;0.898564446492034;125466;421.420942725519;474.351426583159;95696;494.770293429192;501.232700892857;179520;498.198852495544;498.437770302739;1;1;543.633440514469;311;0;53856;0.902893626000112;12.7980367723747;4.41080508077109;16.1987281749733;13.2611395167168;0.851750697893971;0.946369671687794;1.20098320091663;9.94959168022281;"H2B TSA-50um"
"20181107_R04-Scene-03-P53-B04_seg_0_cid_2";"20181107_R04.czi";2;2;"TSA-50um";"cardiomyocyte";"H2B";"ZSD";"no";159619;0.64495036965158;0.750443325060201;-0.144477806457876;0.764197988850501;-0.634871566287113;0.113752046825529;0.00636038702748416;0.183774073777389;0.98294793111544;92.2476749394889;71.7861886400715;50.828495011191;117.360614625182;261.072586980384;433.045290279772;0.962575874981706;0.893263972651539;0;44;42.6644948283099;42.3277116132791;21.1376527856959;400.876355571705;430;63987483;432;558;91.9113512479408;4.62933228464403;0.00164001747818606;693.019138567691;0.513062799221803;765.12503792214;0.157271133545329;359.019017135823;2367.48101312086;6.42946626522124;10.3061508865794;0.000246515152660145;4.54953440118679;-0.112195500517754;0.808318363464561;46760;399.5624893071;419.179054054054;28276;435.154724855001;433.197976878613;32046;437.148442863384;437.21888185654;1;1;464.839506172839;162;0;23364;0.907748996734763;6.44052125123064;3.48253644069755;6.7887860436761;7.54851863979482;0.918207861445695;0.967638531173272;1.15955830198544;7.18096104722579;"H2B TSA-50um"
"20181107_R04-Scene-04-P62-B04_seg_0_cid_1";"20181107_R04.czi";3;1;"TSA-50um";"cardiomyocyte";"H2B";"ZSD";"no";478870;0.681754031760921;-0.725710284905348;0.0924987705881973;0.693885562965059;0.681498518693755;0.232556647995453;0.231806526410263;0.094362870880539;-0.968174252349643;126.783674501554;116.599429615706;65.4257091923294;193.370691751711;674.930520387282;884.304331334929;0.975798902719445;0.958078869477061;0;68;55.1220895023702;62.5173345584397;34.2502056925679;624.681414580157;654;299141189;709;1178;163.406366085118;6.24088831647324;0.000346135558988323;222.729214005664;0.874668461263698;910.999450228848;0.126654033516579;249.364476354216;3421.26858690973;7.78004297605223;12.056176035448;0.000201373885631586;4.63683436941834;-0.225877380043658;0.97325825062146;105133;525.198748252214;567.091666666667;79494;684.106133796261;732.24743083004;169336;737.525180705816;749.186042897109;4;4;966.899639724311;31.5;13.9373598647664;47752;0.927822988752128;10.023438902814;3.69349348342813;10.9262862179899;12.328117884193;0.767715303673373;0.77445361061061;1.54782840846026;3.16650618423356;"H2B TSA-50um"
"20181107_R04-Scene-04-P62-B04_seg_0_cid_2";"20181107_R04.czi";3;2;"TSA-50um";"cardiomyocyte";"H2B";"ZSD";"no";452079;-0.354517958988317;0.931435829326308;-0.0821237639296381;0.897380578978145;0.363598972174574;0.250007767692211;-0.262726308594336;-0.0149359727104245;0.964754789307411;149.202681085966;113.575785940953;55.3539883713821;126.392311863542;657.688781662972;1314.25141058948;0.995364868173992;0.98136038353151;0;58;55.0220182755669;73.6850329256612;28.3155974951281;520.086159719872;557;235120031;583;787;138.419271553524;5.81823235795808;0.000365744320511716;494.488453356985;0.776243248086809;1160.86460832732;0.110292997112595;332.939621136367;4148.96997995231;7.6897056443755;12.1616863359649;0.000166590803196334;4.96012015518422;-0.183123444379523;0.948583521468723;117172;470.762246953197;522.029354207436;84748;590.414664652853;587.580052493438;112417;599.326916747467;599.923063380282;4;4;683.83235112429;61.75;13.8270568090248;52738;0.808726113888919;14.245826167675;9.19780045015944;12.5448733558895;17.3160203082289;0.797341724616531;0.88843954452192;1.31484435481347;4.43346765769742;"H2B TSA-50um"
"20181107_R04-Scene-05-P54-B04_seg_0_cid_1";"20181107_R04.czi";4;1;"TSA-50um";"cardiomyocyte";"H2B";"ZSD";"no";401969;-0.292682890051193;0.95140860681384;-0.095699471011235;0.878876783233977;0.228232915639679;-0.418909699232314;0.376712524033351;0.206715744681337;0.902970805251898;110.654569193558;95.2657618459611;76.6041500028907;271.081837864187;437.819545365846;646.758019770067;0.907921843150991;0.785262176167575;0;71;47.1866636481918;57.7420049804836;37.9607730944426;559.55470446726;592;224923645;620;1164;128.218535859982;5.77527673836712;0.000728746957015637;164.65045080312;0.808080463926901;439.768866312421;0.151637359602696;215.052146864399;1594.42501444657;7.12041911126583;11.1405790109627;0.000248747789327838;4.36727339383654;-0.191378422829569;0.943861076500186;81987;498.742081061632;556.524707996406;61270;601.64973070018;628.233475479744;161631;622.525004485526;624.725234996385;6;6;838.859913998475;33.1666666666667;16.5168264371687;40058;0.983928337898119;5.69857541242383;5.31620907783287;4.93878644150152;7.48206009078688;0.828957540596274;0.885856500358281;1.49915621708004;3.24919649940757;"H2B TSA-50um"
"20181107_R04-Scene-05-P54-B04_seg_0_cid_2";"20181107_R04.czi";4;2;"TSA-50um";"cardiomyocyte";"H2B";"ZSD";"no";457600;0.161552792064091;0.871865572861002;0.462332259566702;-0.986839147111957;0.139393970108336;0.0819623012413698;0.00701377955465246;-0.46948881132269;0.88291056338633;120.814920915882;102.91750603143;73.7373023704624;238.296499065363;566.54142741452;744.1220521847;0.947336967281901;0.907238677064865;0;79;50.9715187937063;53.937423513986;42.2152950174825;539.565159527972;569;246905017;584;871;119.156785975856;5.61478607186076;0.000522706684868936;313.160011119395;0.771603201650419;711.641525085056;0.126095452578026;297.649611407258;2533.40608922083;7.33638562967121;11.6229692427271;0.000200893460822863;4.67686917517536;-0.174467644746963;0.934965732779703;93795;486.691294845141;499.062256809339;69700;584.610932568149;584.727696404794;183067;595.623755237154;594.690655969797;6;6;722.67001858754;42.5;14.9527032115713;45094;0.953902816045569;7.68710694991266;1.66324319914485;5.84782936882309;10.3136761358837;0.832504607307196;0.853495156596532;1.33935634246613;3.67806609005481;"H2B TSA-50um"
"20181107_R04-Scene-07-P70-B04_seg_0_cid_1";"20181107_R04.czi";6;1;"TSA-50um";"cardiomyocyte";"H2B";"ZSD";"no";548751;0.905894825877604;0.423455338116213;0.00633569799389206;0.421145198009904;-0.899174783168407;-0.118833629529889;0.0446238349022775;-0.110319018917551;0.99289396585118;146.49611274604;118.850098570776;56.7547699983167;173.572725633599;674.035497212421;1229.78927328453;0.989989615589885;0.966274904129547;0;55;70.081590739698;61.3335556563906;25.0056054567554;493.152130930058;523;270617725;538;672;113.986894653284;5.42513242063504;0.000357598381917912;487.215323240046;0.747418773273524;1019.68164498405;0.104606178056653;357.377611631916;3591.51125669616;7.54013242806891;12.0902339548481;0.000162005513112306;4.95749442807705;-0.161115580890738;0.927784385533248;116965;443.335425127175;512.424287856072;89987;536.688977296721;552.700312989045;202799;548.52053511112;548.574134705332;2;2;594.679250128403;167.5;68.5;51298;0.945076532471616;12.3275192508308;6.57803856079921;15.570015470374;11.5315427990873;0.826056512955113;0.927128637009164;1.20587383249642;7.30184263975779;"H2B TSA-50um"
"20181107_R04-Scene-07-P70-B04_seg_0_cid_2";"20181107_R04.czi";6;2;"TSA-50um";"cardiomyocyte";"H2B";"ZSD";"no";555617;0.996977581903609;0.0759328154370099;-0.0164288989723046;0.0775880607586451;-0.983972599714676;0.160555335752054;0.00397416775514041;0.161344756811465;0.986890103020647;161.579022480226;111.603268805173;55.5087280218912;151.058444548026;655.642075217982;1570.79622240439;0.995365232854365;0.973096545521931;0;52;79.7200787592892;54.6679421256009;25.6410674979347;486.049750097639;512;270057504;526;720;108.117426807382;5.46747637041872;0.000439006541208125;421.273340459179;0.725917735632216;809.337201195412;0.114753314921693;316.702036946379;2816.07546432247;7.45314112997799;11.8574808575751;0.000178736572966934;4.8332086668986;-0.163270238429819;0.927924666541666;121047;445.496418746437;502.343811394892;95177;527.716633220211;544.884087791495;194372;536.629468236166;539.697207084469;4;4;606.969190226599;157.75;63.1243811850857;54074;0.901891683722013;15.1308826355067;11.1831709189885;19.9667733719935;11.5444568944439;0.844196280166398;0.921927842361802;1.2487799656407;7.08614031370343;"H2B TSA-50um"
"20181107_R04-Scene-08-P61-B04_seg_0_cid_1";"20181107_R04.czi";7;1;"TSA-50um";"cardiomyocyte";"H2B";"ZSD";"no";338274;0.995821603006055;0.0482961140046441;0.0775036796449194;0.067107131950695;-0.962627911349831;-0.262381663100936;0.0619351905446642;0.266486378005165;-0.961846683473975;127.080861216754;94.0321651261562;54.4932483116562;137.201436127877;452.226131132184;927.563858855222;0.988999943739012;0.952866081700849;0;52;62.9532745644064;45.3742823864678;24.249898011671;655.71117200849;701;221810041;739;1132;173.216992202264;6.15370623574466;0.000344252054979979;354.408505537695;0.802351754556236;930.180382497013;0.108313598610201;271.274204568386;3366.31302445037;7.69451876439821;12.2299978802077;0.000167053312601692;4.91313444739148;-0.180335434755014;0.947755783530902;85513;587.713926537486;631.642806012885;60411;742.355167105329;750.212806026365;92472;749.068810018168;745.855069227334;7;7;951.35011191273;43;53.9629502529282;38302;0.917355914581821;10.7822064488082;9.84461586601049;14.1212917312273;8.40712815947476;0.791688335421929;0.841951511543095;1.45086762666965;3.69963851016596;"H2B TSA-50um"
"20181107_R04-Scene-08-P61-B04_seg_0_cid_2";"20181107_R04.czi";7;2;"TSA-50um";"cardiomyocyte";"H2B";"ZSD";"no";137758;0.982015222517189;-0.188778620198757;-0.00295555415609969;0.068313849532906;0.340683909973618;0.937692748957292;-0.176009433572499;-0.921030458801956;0.347452979916055;89.2767424386367;71.7063236724106;64.1030631094397;168.429613242365;237.240263215401;415.54933892579;0.91417577392178;0.704248308845874;0;66;50.3228415046676;32.0048926378141;40.3298828380203;873.264775911381;728;120299209;644;2444;486.144191958438;7.31833716264105;0.000541493643710092;231.950763637108;0.954305567893679;2538.26982007534;0.17588452026253;182.88761534831;9921.12851666427;8.2467596424736;12.4087981440447;0.000223157711601284;4.69947981983685;-0.292643886369516;0.99141745462857;56621;752.065876618216;867.041832669323;18626;1293.093954687;1370.03285420945;6384;1245.15006265664;1109.47736625514;3;3;1685.55238823804;274.666666666667;164.763129640369;28470;0.676830848144505;8.41476350843518;8.67830881611905;7.70764140138721;7.20268781507536;0.581601881203024;0.632862073347602;1.93017333886955;9.35035375828893;"H2B TSA-50um"
"20181107_R04-Scene-09-P55-B04_seg_0_cid_1";"20181107_R04.czi";8;1;"TSA-50um";"cardiomyocyte";"H2B";"ZSD";"no";626023;0.889786655275635;-0.439961707211639;0.121298822256514;-0.439937951351241;-0.897577915570768;-0.0284338608090556;-0.121384953986361;0.0280638854589859;0.992208703488673;159.178272873688;128.674533873104;57.9560631457586;163.460215346163;865.76736761011;1399.25743671448;0.9931531910976;0.98201481906179;0;58;79.0794986765662;72.6823934583873;24.8588518313225;430.808487867059;460;269696022;464;588;99.2415048654647;4.96145953970622;0.000854123720007063;554.709095625682;0.655657801464008;879.431653897415;0.133487148144474;366.990701902591;2963.01751996399;6.87250011791858;11.0666142098749;0.000208216866441675;4.68778247082301;-0.132783516173319;0.870803022536444;143284;405.694355266464;453.420012746973;109739;469.589863220915;474.354838709677;202850;469.986748829184;470.729871217674;1;1;497.819672131148;488;0;59710;0.888305287394571;14.128014023567;5.04255016800696;17.6642279864701;14.7683193504962;0.863933374719394;0.955866738874951;1.15554750231562;12.463355264843;"H2B TSA-50um"
"20181107_R04-Scene-10-P60-B04_seg_0_cid_1";"20181107_R04.czi";9;1;"TSA-50um";"cardiomyocyte";"H2B";"ZSD";"no";212157;-0.591171725330521;-0.378788970411229;-0.712063836368999;-0.603073505326632;-0.378627060398299;0.702099634173948;0.535554234735179;-0.844488285903922;0.00460397961248003;95.5117479296589;88.860417422087;77.1010077903167;243.865297022415;332.487177650926;421.129874502396;0.815275093649031;0.679735043861201;0;84;46.0374816763058;41.4994037434541;43.1473578529108;682.65346889332;524;144829712;466;2776;483.054453483394;6.82238686320869;0.00334296454413828;100.167160413326;0.97513118937485;2011.68327081045;0.317637263626342;125.084899457264;7946.56592282847;7.37568391021826;10.435108033973;0.000465686366430581;3.83743582203147;-0.361487049710327;0.9941453336571;72704;540.346377090669;521.463815789474;34871;907.896102778813;1066.52345679012;26143;1080.41074092491;1653.15181518152;1;1;2522.07692307692;260;0;36890;0.698400886625167;8.837173308114;11.8932501134183;10.4435331099541;9.11423376752761;0.595163230062142;0.488937971752543;3.69452004274669;9.09728368293446;"H2B TSA-50um"
"20181107_R04-Scene-10-P60-B04_seg_0_cid_2";"20181107_R04.czi";9;2;"TSA-50um";"cardiomyocyte";"H2B";"ZSD";"no";400256;-0.795008247642883;0.590279170008135;0.139758318658674;0.543818288012818;0.795627449415206;-0.26690566003714;0.268744406086154;0.136189071483584;0.953534992019611;136.198385649888;92.4581570930766;65.9697005170687;186.787478964343;396.865228505474;1169.134467868;0.987154977972288;0.882316154201218;0;68;67.6468884913655;58.3868549128558;32.0514645626799;497.610304405181;526;199171510;536;731;109.122412736962;5.45187166385037;0.000583597877439235;498.539254956097;0.70955419000659;899.379890895005;0.123387592875901;341.974855520161;3098.98030862392;7.25931201730685;11.5846590972987;0.000190130008395165;4.81248470597743;-0.154036696982334;0.912131843722447;93978;473.116239971057;513.639356814701;65337;537.719638183571;537.963230466185;131403;543.837324870817;547.578477243726;2;2;628.063112745098;41;7;46498;0.845331846350597;12.5555989447799;12.2145625450408;12.7763310542262;10.4537340107485;0.879856725280211;0.954785248741991;1.26215857506378;3.61257599692178;"H2B TSA-50um"
"20181107_R04-Scene-10-P60-B04_seg_0_cid_3";"20181107_R04.czi";9;3;"TSA-50um";"cardiomyocyte";"H2B";"ZSD";"no";422075;0.388596874140683;-0.919301489671727;0.0622674914817833;-0.900978879198346;-0.364960981429429;0.234607206352577;0.192949549485305;0.147269321725239;0.970093922376594;113.886118893027;98.0374536608635;76.4164650986651;268.756277714231;459.663186352717;685.245559812275;0.919878123009283;0.811263375831473;0;68;50.4401232008529;54.7347248711722;35.2802653556832;497.280587573299;521;209889704;524;666;96.879773840497;5.16787623383636;0.000500179134646238;526.240638341416;0.64420914794069;777.702658261405;0.105415253742848;358.861284784915;2584.5699947042;7.12166486944804;11.6985609628522;0.000165483951796197;4.93775158549053;-0.112144457488258;0.845549092950451;84911;471.906572764424;515.958441558442;64174;528.667996384829;535.580121703854;172019;531.553956249019;536.453752923666;2;2;573.968533531248;284.5;168.5;41078;0.990223323072802;6.13616129026746;4.57747854710103;5.75414604938208;7.42888129033407;0.89263313836178;0.96336368854955;1.15421463832357;9.51625780542375;"H2B TSA-50um"
"20181107_R04-Scene-11-P58-B04_seg_0_cid_1";"20181107_R04.czi";10;1;"TSA-50um";"cardiomyocyte";"H2B";"ZSD";"no";919859;0.991935884658293;-0.126720291170648;-0.00227344073960132;-0.126457617586169;-0.988363044111974;-0.084539718405865;-0.00846591292187532;-0.084145474265338;0.99641751664604;215.302833623222;139.12709732065;81.8988466882185;293.529157234126;920.356482328037;3293.51567234005;0.99602059621931;0.947778322779325;0;79;110.045873334935;75.2516787899015;41.2208784172357;549.219989150511;583;505204950;601;832;132.106933705106;5.74279471380888;0.000418457385607912;444.986864065689;0.790709371770865;1109.30163397062;0.119599681235268;332.138743020369;3992.21967181678;7.56089895565672;11.9324797134416;0.00018499151358475;4.82394633242921;-0.187864957328919;0.949151205809432;205793;491.89436472572;524.089643652561;156017;604.156066326105;607.263410728583;312165;620.943074976375;624.887672200636;4;4;714.285456994172;75;16.6883192682786;95018;0.721632018157846;23.4491462135589;32.5187246017526;29.2503201442077;17.0028946892464;0.814184268175848;0.863035108642177;1.30054526620375;4.8860251190292;"H2B TSA-50um"
"20181107_R04-Scene-11-P58-B04_seg_0_cid_2";"20181107_R04.czi";10;2;"TSA-50um";"cardiomyocyte";"H2B";"ZSD";"no";409904;0.666704436461904;0.725213913896485;0.171959220435996;0.738244123646757;-0.61083540437729;-0.286139341336112;0.1024734516987;-0.317718252308825;0.942631584367286;131.954642298033;108.999211056024;55.7570713457122;142.163272099648;629.298989098699;943.429038605148;0.988581397095998;0.974148790249115;0;66;60.9983264374097;58.5487845934658;34.7036306061907;493.134480268551;525;202137796;536;698;120.244912832505;5.54577739190801;0.0004861952993902;556.18708910707;0.744324987082357;1143.48276602145;0.118262556061721;357.776274169928;4017.74397497874;7.48457200921363;11.8406796170145;0.000180007434829654;4.88441979582536;-0.171740938326515;0.935250484933928;98046;454.727587050976;500.57697740113;72030;542.509398861585;547.150560597971;123776;554.345430455016;553.075637275386;1;1;625.607287449393;247;0;46324;0.862207786734924;11.3345871121983;6.62491538785166;11.7235155226822;13.3685096745081;0.838193011964746;0.914879767013413;1.26863424173605;8.86693531539485;"H2B TSA-50um"
"20181107_R04-Scene-13-P57-B04_seg_0_cid_1";"20181107_R04.czi";12;1;"TSA-50um";"cardiomyocyte";"H2B";"ZSD";"no";630315;0.312425241870065;0.944910525264483;0.0976451098971691;0.924495786727446;-0.278813270202172;-0.259943649051811;0.218398737555033;-0.171485450122071;0.96067410282093;141.505117321787;120.146420225285;81.3310142849569;257.9220455884;704.413249065394;1085.04323403797;0.971336978181881;0.930555209615883;0;74;61.3056836661035;67.1204873753599;31.9119884502193;590.029780347921;620;371904621;690;903;144.753877976172;6.02991320407165;0.000279964762493684;320.490685848815;0.8594273180538;1168.28142501313;0.112520165641924;315.790930719846;4352.63501420371;7.88545361772125;12.3644653372918;0.000176707908650427;4.8176541678691;-0.211069921330108;0.968909605553553;120921;494.04174626409;558.924078091106;96535;621.602009633812;660.876445086705;267487;680.935791272099;695.860707684183;1;1;775.643243243243;185;0;57204;0.928756152288625;10.3076636522303;5.79857310990297;9.00627096646851;12.2582060441077;0.794787884542284;0.845731576978473;1.3145832110133;7.67380798196054;"H2B TSA-50um"
"20181107_R04-Scene-13-P57-B04_seg_0_cid_2";"20181107_R04.czi";12;2;"TSA-50um";"cardiomyocyte";"H2B";"ZSD";"no";493003;0.355850433893133;-0.93434584439179;0.0191914503324483;-0.924262164458255;-0.35489922211362;-0.140662694038217;-0.13823863442978;-0.0323169492827148;0.989871554667598;162.089050530239;148.64640884555;51.753926145697;104.790228611996;1146.57679306694;1696.3101642867;0.998090076448931;0.995814811341901;0;52;65.8352829495967;76.7882812072137;29.1609057145697;434.192234124336;469;214058074;472;599;110.192032000049;5.26360843336305;0.000615514096960063;803.885009132549;0.695491398830615;1431.9041972389;0.125064889523254;367.946548654724;4923.73177982309;7.29803461378161;11.5958449571674;0.000184852082923689;4.92062874356258;-0.162188059210282;0.919527613014592;146919;420.579244345524;397.929499426825;103152;485.301545292384;489.670210195699;67265;489.286107187988;495.40234375;1;1;532.064133016627;421;0;64762;0.695714536531264;17.5844551736913;20.6945543149824;19.2643277421791;21.7147316887032;0.866634875625903;0.812647964163043;1.22541144497823;11.5762024033521;"H2B TSA-50um"
"20181107_R04-Scene-14-P59-B04_seg_0_cid_1";"20181107_R04.czi";13;1;"TSA-50um";"cardiomyocyte";"H2B";"ZSD";"no";176153;-0.253418671488317;0.0148943320666519;0.967242025458667;0.414367152375804;0.905177197986966;0.0946261236468625;-0.874116033472137;0.424773350290191;-0.235560524940372;91.6715686359164;75.9550522919267;60.5885726963242;159.374612993689;252.388737584715;469.981274554598;0.940747294163639;0.775404513697294;0;84;39.0813554126243;38.6621119140747;51.3619921318399;1084.42194569494;767;191024179;644;3338;757.040056115376;7.5722410939167;0.000882004956071055;117.028282363921;0.983063955718353;3452.941753466;0.227153247350103;163.89186715789;13694.7387315001;8.18944967395424;11.8928515737935;0.000306137877887455;4.23757805249435;-0.348406475299551;0.996072892521158;50723;722.52029651243;745.72;30547;1385.30732968868;1432.93166287016;38132;1636.21887128921;1770.31785195936;1;1;3015.73192771084;332;0;25390;0.893057734108992;7.13757282881116;5.00703087350502;8.83242427078308;7.05799553568549;0.521559570954413;0.520415606216925;2.78095803914984;10.2800234539138;"H2B TSA-50um"
"20181107_R04-Scene-14-P59-B04_seg_0_cid_2";"20181107_R04.czi";13;2;"TSA-50um";"cardiomyocyte";"H2B";"ZSD";"no";397836;0.997010131770844;-0.0715663746192149;-0.02913848263287;-0.0771395778145691;-0.943814176993836;-0.321347607490763;0.00450362974431896;-0.322634550737068;0.946512896895661;158.022754809598;103.052049354228;48.438274813131;98.4670566229038;562.472625247887;1588.55073987519;0.998077052187124;0.984557577613953;0;50;78.172166420334;49.8952306980766;24.4456585125529;499.526988507827;538;198729819;551;732;127.720915942449;5.55586503692228;0.000481683287648367;594.124738383359;0.716776899376585;1122.52886521557;0.11100767054825;338.566104179841;3895.99072247891;7.4288173153189;11.8687082561227;0.000167792140737031;4.97475737883046;-0.157018262500123;0.919369827144225;105315;464.452081849689;484.383375314861;78557;558.920707257151;564.578147268409;88213;567.963123349166;568.278673207195;1;1;612.159763313609;338;0;48170;0.809824678390525;16.1754104342717;15.2847692574662;20.3479552723086;11.0486698928674;0.830980272906585;0.857956294728104;1.22547885779352;10.3724992904373;"H2B TSA-50um"
"20181107_R04-Scene-14-P59-B04_seg_0_cid_3";"20181107_R04.czi";13;3;"TSA-50um";"cardiomyocyte";"H2B";"ZSD";"no";420527;0.680118458157561;0.732761247269739;-0.0223570430307367;0.725939289425243;-0.668907254543066;0.159922584047506;-0.102230283879859;0.124996157218345;0.986876349771586;171.513728927785;96.3358911924428;46.2362102194826;102.864393677531;477.31370897613;1957.39431946683;0.998618204879139;0.976502319366869;0;44;68.4976446221051;76.3163435403672;19.6284114931978;493.754546081464;530;207637118;542;688;122.566999690022;5.51858407790175;0.000451721838210909;665.024325164086;0.744674800299293;1391.32786227246;0.110849697988432;360.411269649767;4900.28712392575;7.50626698069432;11.9346279509063;0.000165111555919445;5.00529651612547;-0.168154469764654;0.932197603626486;109673;457.658758308791;497.886128364389;80393;549.248914706504;554.781818181818;100992;559.456857968948;558.58111239861;2;2;597.001264135331;258.5;39.5;49298;0.821837887169372;18.1783489972086;14.7758368639241;14.7912132391966;15.645363993583;0.833244720298345;0.897444927081618;1.20910535178512;9.0710035596129;"H2B TSA-50um"
"20181107_R04-Scene-15-P56-B04_seg_0_cid_1";"20181107_R04.czi";14;1;"TSA-50um";"cardiomyocyte";"H2B";"ZSD";"no";378384;0.962470627137147;0.049288565472262;-0.266872496169825;-0.0715126391955091;0.99467577358452;-0.0742027484620942;0.261794259550357;0.0905027223774091;0.960870970999102;114.805997386299;94.3830063273097;64.6372732585468;201.788784228567;481.369735050125;705.153906094074;0.958181025612719;0.907895265725672;0;66;57.9491178273923;46.7116024990486;33.9010000422851;696.074849887945;745;263383586;791;1172;184.267453942609;6.27590060872199;0.000292717680359153;301.453911839092;0.848091357283468;1016.78581081337;0.105864395736274;282.690348725288;3765.68933141439;7.81022417531227;12.3854977198201;0.000164969823949169;4.89159339179476;-0.190439485428861;0.957118429893968;84298;592.905430733825;705.559772296015;60930;777.767044149023;803.59095193214;134022;803.712748653206;803.604481132075;7;7;987.53752539977;54.2857142857143;48.2396229720942;39286;0.964407377476213;7.58020966089431;3.29818055046474;10.2091983228556;6.33144187575087;0.762317502643146;0.878008606990385;1.4187231812193;4.15688339212101;"H2B TSA-50um"
"20181107_R04-Scene-15-P56-B04_seg_0_cid_2";"20181107_R04.czi";14;2;"TSA-50um";"cardiomyocyte";"H2B";"ZSD";"no";792352;0.68167223469164;-0.704257338250147;-0.198354646961756;-0.698677831274264;-0.707044439981711;0.109258628843859;0.217191741409282;-0.064107420879074;0.974021553176231;186.541957453404;143.783853420281;63.6931824860865;172.98135688204;1120.05654345012;1930.38437378842;0.995976949440111;0.988002193747504;0;71;84.33064218933;79.6689867634587;36.765850278664;511.953725112071;545;405647558;561;766;121.716336064687;5.50150251126402;0.000566178405145564;492.435981129679;0.763114233756777;1106.7948235092;0.124454725531336;334.740871227925;3934.74331290713;7.33148351886006;11.5982025241604;0.000190499359999317;4.79987870899597;-0.172074133027145;0.930840656355504;178476;466.632846993433;494.109636184857;142023;562.455433274892;569.991680532446;256362;570.385989343194;573.183360477742;1;1;682.25;32;0;78206;0.792649014305228;17.908177179469;12.7476834945106;20.2431254458822;19.5638998396858;0.829635237544897;0.866871663325498;1.33263997610458;3.19153824321146;"H2B TSA-50um"
"20181107_R04-Scene-15-P56-B04_seg_0_cid_3";"20181107_R04.czi";14;3;"TSA-50um";"cardiomyocyte";"H2B";"ZSD";"no";436863;-0.294767873319968;-0.952784138535554;-0.0728991509791876;-0.903028727793232;0.252800760671083;0.347319582206732;0.312491628109555;-0.168208682175401;0.934908991080017;142.176914429809;95.0036421332997;63.3355586987872;181.420501300162;457.460747853334;1134.25423680826;0.987125612284052;0.917999487391518;0;60;49.7145512437538;67.8452787258248;27.8450978911009;626.070122670036;664;273506872;693;935;150.780698329408;5.98025515389913;0.000291575689706517;412.619042726303;0.805694129411144;1102.65061810982;0.100956623980715;322.967766798853;3997.98342971298;7.77122643059746;12.4219948434819;0.000155760819778952;4.99440727717491;-0.175706230952194;0.946366943978915;97329;555.215280132335;632.091891891892;72792;687.17037586548;701.360034453058;151424;706.620423446746;708.368326442567;4;4;799.751973039859;119.5;36.1835598027613;44686;0.931915500211772;11.5935021961054;11.2527968166662;7.31212251879277;14.1222939237935;0.807973247439618;0.901237397116328;1.27741597000207;6.16749798532298;"H2B TSA-50um"
"20181107_R04-Scene-15-P56-B04_seg_0_cid_4";"20181107_R04.czi";14;4;"TSA-50um";"cardiomyocyte";"H2B";"ZSD";"no";844039;0.317855226757516;-0.945279362261903;0.0735865619842206;-0.929904753347026;-0.325949914627463;-0.170393083360085;-0.185054598768945;0.01426816162226;0.982624656233694;167.238964441319;138.272310249816;81.07189192454;316.131311305206;798.088090651433;1530.48656500387;0.978434762368066;0.918202719921385;0;84;63.1664804588414;82.0006018679232;41.5982365743763;592.863880697456;622;500400237;638;899;123.366037986581;5.68627147771598;0.000507937349689892;383.855123039473;0.770358413357744;868.668903604137;0.121888818449243;322.969155944653;3090.82049137707;7.36341893983762;11.7354414736916;0.000192126267849956;4.74868437315983;-0.164793185486865;0.927805749314048;163100;537.838822808093;582.602803738318;121451;634.822397510107;631.997511199602;366403;646.596081363963;641.950462768195;5;5;734.137520128824;75.2;68.0864156789003;75904;0.852830706837511;13.3556659449346;10.0849069611145;11.8670054354903;15.7741825479652;0.84722723224259;0.921843509529765;1.23829017761239;4.89253548183568;"H2B TSA-50um"
"20181107_R04-Scene-16-P65-B04_seg_0_cid_1";"20181107_R04.czi";15;1;"TSA-50um";"cardiomyocyte";"H2B";"ZSD";"no";985694;0.729743656207595;-0.296917448602807;0.61588491208989;-0.643833449055031;0.00475390004791776;0.765150893819146;0.230114506502034;0.954891317977881;0.187696256616352;159.827501858626;163.577620980383;125.455236631049;688.893500458087;930.652692658028;1162.07900401048;0.805341435984397;0.67235792698323;0;130;115.641304502209;64.9774311297421;72.4659295886959;448.693414994917;466;442274407;437;676;108.450642951291;5.57401048556803;0.000679284005329652;487.196283335165;0.778346378946724;1146.34349254478;0.159196267145215;338.994217494579;4098.17768684397;7.54993331652986;11.5221683996539;0.000238819580720725;4.58256704205632;-0.23511263513567;0.972682635811093;234559;415.378970749364;423.103266992114;139482;482.552064065614;518.893101305158;348168;507.13138772087;527.45141500099;1;1;602.269230769231;52;0;112672;0.636394141913625;16.4461880383722;21.0770430961246;21.1729184162595;19.1834938918168;0.860796174509541;0.815395822237554;1.3422733890045;4.06842894512822;"H2B TSA-50um"
"20181107_R04-Scene-16-P65-B04_seg_0_cid_2";"20181107_R04.czi";15;2;"TSA-50um";"cardiomyocyte";"H2B";"ZSD";"no";251539;0.895132059968652;0.444945702015662;-0.0276028526436636;0.425809751781551;-0.871684489328837;-0.242594736858117;0.132002464007351;-0.205400762708698;0.969734951507201;113.074906603209;89.880750825193;66.4245652192108;211.819332826923;356.987833253054;435.307614820692;0.873626615792619;0.804943337409086;0;58;64.8903509992486;41.1806042005415;28.2930201678467;411.023296586215;429;103388389;427;608;85.6240247962515;4.81475561699652;0.00174274670052655;472.717663952678;0.569365964459725;576.449923544257;0.173583769946246;334.635211947661;1833.08203022436;6.59797033543009;10.4240257983846;0.000276556988080056;4.38316126299513;-0.146169373972243;0.879860606123791;61885;407.744800840268;427.515852613539;39912;438.021472238926;436.574438202247;79891;436.828228461279;436.971048513302;7;7;501.035146348394;62.8571428571429;40.9858113826465;32688;0.878162925132507;6.28956474475954;6.81269672953907;5.6994640483118;5.34039643469048;0.930878568021107;0.979250765056218;1.21899452052908;4.47303588055086;"H2B TSA-50um"
"20181107_R04-Scene-17-P69-B04_seg_0_cid_1";"20181107_R04.czi";16;1;"TSA-50um";"cardiomyocyte";"H2B";"ZSD";"no";635007;0.9992844767876;0.0376682275648059;-0.0034116100975431;0.0377309631205339;-0.999073379370707;0.0207064495940979;0.00262847357387795;0.020820356983539;0.99977977768194;366.736144263592;162.600406544727;41.2250443273187;59.8515156199422;1209.57939758574;5370.84668623255;0.999937906193733;0.998775052084729;0;41;165.204764671885;69.6087917141071;15.1047059323755;365.456580793598;412;232067487;413;538;107.632555763732;4.62517630909872;0.00315125293928648;1016.06979258488;0.726309840915046;2029.33292730871;0.209522668284153;354.044181020453;7101.26191664994;6.4581231714841;9.79856122795444;0.000305023585016835;4.38775423743632;-0.21065010683988;0.93395894498974;253066;374.815735815953;399.757059679767;81776;416.781525141851;418.477571363842;26942;412.977098953307;412.361635220126;2;2;484.477638015374;40;13;104834;0.511059954007963;39.8982911278151;39.8043964862727;43.7088433428536;20.5941747206258;0.899309861895594;0.955265197073611;1.32567769600241;3.56824823230554;"H2B TSA-50um"
"20181107_R04-Scene-18-P66-B04_seg_0_cid_1";"20181107_R04.czi";17;1;"TSA-50um";"cardiomyocyte";"H2B";"ZSD";"no";784367;0.623366937939295;0.781693638125854;0.019201999837348;0.773407700422353;-0.620002982490279;0.132048591929516;-0.115126841403713;0.0674637518725842;0.991057239805895;174.152577344114;123.273193501804;68.9463974696655;234.952642219244;779.011663469382;1759.09456730125;0.99104011818558;0.953433443065082;0;66;68.5044845078898;85.8100723258373;28.7359042387046;778.738433666893;829;610816729;901;1511;212.195026414789;6.53332107686049;0.00032841251452237;198.964841488987;0.890635392238554;926.073789692658;0.121977079788021;242.6436313063;3505.33031728164;7.81089466365058;12.1855783872245;0.000192850082500985;4.6643855539193;-0.217432541374508;0.970288388291281;149613;616.496033098728;741.129900526624;120138;851.085218665202;909.559508408797;333940;908.656842546565;903.839356321839;10;10;1158.85128223993;89.9;145.157466222031;68324;0.900138418167832;15.3280041050838;12.1521801611235;14.5745118710316;16.1910758889914;0.724364634208556;0.814822882587608;1.48811363628629;5.34939798182214;"H2B TSA-50um"
"20181107_R04-Scene-18-P66-B04_seg_0_cid_2";"20181107_R04.czi";17;2;"TSA-50um";"cardiomyocyte";"H2B";"ZSD";"no";437867;0.996268310610052;-0.0528243069878541;0.0682572037622781;0.0710172768048267;0.951146670924831;-0.30046057442506;-0.0490509905039523;0.30418678962089;0.951348725416037;139.589711237263;107.034741266251;55.4865268900241;146.840935842689;605.941916010477;1114.46263286732;0.991281725150211;0.970192633694047;0;58;68.7472017758817;52.5659983510975;30.0930396672962;558.138644839643;599;244390494;615;823;143.569728581504;5.81184667214326;0.000354489235416395;484.604043383928;0.77507056680188;1131.54452513395;0.103838299051919;333.562311806085;4041.57405715189;7.66226095096631;12.220691316495;0.000158255488456273;5.00255267994392;-0.17039758386436;0.939158770299497;104127;500.018439021579;549.672754946728;77573;623.10292240857;622.878575598365;132633;633.907277977577;637.881841533294;4;4;717.251352056762;109.25;36.2310295189082;46864;0.89057206767312;12.4051383441846;6.86396030909022;16.042825634892;11.46150243856;0.802465244567921;0.882471763326724;1.28507738836617;5.89706325772237;"H2B TSA-50um"
